1 216 
2 85 94 109 162 261 263 
3 11 16 25 40 46 51 99 117 133 135 152 161 176 201 205 221 224 239 275 349 351 389 414 415 419 460 472 498 
4 9 10 12 17 27 28 32 34 43 47 49 50 68 69 73 76 79 83 84 90 93 100 104 111 113 124 130 134 140 144 145 149 156 157 163 164 169 171 174 175 178 190 191 193 200 206 210 212 213 222 225 234 236 238 240 243 247 253 257 258 265 273 274 276 291 293 297 298 300 301 309 311 314 318 321 322 323 324 326 331 345 360 361 368 369 371 372 374 376 379 380 383 384 397 401 405 406 409 410 416 421 422 423 424 431 432 433 434 440 441 444 445 447 451 453 454 455 459 461 466 470 471 473 474 475 477 478 483 489 490 493 500 
5 19 63 112 217 312 
6 42 72 266 391 
7 123 153 180 182 218 245 339 344 404 430 442 446 
8 
13 61 177 358 
14 
15 35 96 119 
18 141 195 259 269 294 304 337 340 346 352 443 488 
20 
21 22 48 56 62 110 143 179 199 211 260 268 280 341 343 348 357 366 382 394 426 
23 31 
24 
26 
29 77 87 118 132 166 168 170 220 233 248 249 252 284 310 338 385 420 463 
30 335 452 
33 413 457 
36 44 106 129 147 278 292 316 378 449 450 482 487 497 
37 
38 
39 
41 
45 
52 
53 151 204 242 254 365 427 495 
54 
55 
57 
58 215 370 
59 
60 
64 
65 
66 97 
67 325 
70 
71 207 
74 
75 
78 
80 417 
81 
82 92 107 137 154 167 185 
86 407 
88 
89 
91 
95 
98 
101 462 499 
102 386 
103 
105 359 
108 
114 
115 181 485 
116 
120 287 
121 262 428 
122 125 
126 
127 373 
128 
131 
136 198 
138 
139 
142 464 
146 270 281 286 327 
148 
150 
155 
158 
159 393 
160 425 
165 
172 282 334 436 
173 
183 
184 
186 
187 
188 
189 
192 353 
194 313 392 
196 229 289 290 302 350 364 
197 
202 
203 
208 
209 
214 
219 
223 
226 
227 
228 
230 458 
231 
232 
235 
237 
241 
244 
246 
250 
251 
255 283 356 
256 
264 
267 439 
271 
272 
277 
279 
285 
288 
295 
296 
299 
303 456 
305 
306 
307 
308 
315 
317 
319 
320 
328 
329 
330 
332 
333 
336 355 
342 
347 
354 
362 
363 
367 
375 
377 
381 
387 
388 
390 
395 
396 
398 
399 
400 
402 
403 
408 
411 
412 
418 
429 
435 
437 
438 
448 
465 
467 
468 
469 
476 
479 
480 
481 
484 
486 
491 
492 
494 
496 
