101 387 462 499 
15 35 96 119 128 267 439 465 
6 27 42 72 237 266 367 390 391 
2 55 85 86 94 109 126 162 261 263 
80 203 250 398 417 484 
45 160 223 358 399 425 463 480 
30 33 98 233 286 288 335 395 
50 136 173 198 272 295 413 418 457 
58 61 159 176 192 215 351 353 370 393 
46 115 177 181 264 485 
8 14 60 148 307 319 363 467 468 491 
105 150 209 214 244 315 359 396 408 438 
37 52 102 103 296 362 386 402 
184 202 328 494 
41 97 114 230 231 271 332 400 458 479 
57 78 122 125 219 411 464 
36 44 106 129 147 278 292 316 378 449 450 482 487 497 
7 123 153 180 182 218 245 339 344 404 430 442 446 
4 9 10 12 28 32 34 43 47 49 68 69 73 76 79 83 84 90 93 100 104 134 140 144 149 156 163 169 174 175 178 190 191 200 206 212 222 225 236 238 243 257 265 273 274 276 291 297 300 301 311 314 318 321 322 326 331 360 361 368 374 376 380 383 384 397 409 410 416 434 440 441 445 447 451 453 455 459 461 466 470 471 475 477 478 483 489 490 493 500 
17 82 92 107 113 124 137 145 154 157 164 167 171 185 193 210 213 234 240 247 253 298 309 323 324 369 371 372 379 401 405 406 421 423 424 432 433 444 454 473 474 
59 65 66 81 138 165 227 241 308 403 
38 54 71 75 91 131 186 207 251 375 381 456 486 
226 228 255 283 303 345 356 435 448 
74 108 197 232 258 279 422 452 
20 70 111 142 155 342 377 492 496 
187 194 208 256 313 333 392 
133 161 460 
130 293 407 431 
172 282 334 436 
89 246 305 
16 51 224 
135 152 239 419 472 
5 217 312 437 
11 275 414 
31 39 67 127 285 325 354 373 388 412 469 
23 26 235 329 347 
1 64 116 139 158 189 216 
88 121 262 277 306 428 476 
3 25 40 99 117 146 166 183 201 205 270 281 299 317 327 389 415 429 
95 120 287 336 349 355 
29 77 87 118 132 168 170 220 248 249 252 284 310 338 385 420 
21 22 48 56 62 110 143 179 199 211 260 268 280 341 343 348 357 366 382 394 426 
196 229 289 290 302 350 364 
53 151 204 242 254 365 427 495 
18 141 195 259 269 294 304 337 340 346 352 443 488 
13 24 221 320 481 498 
19 63 112 188 330 
