14 5
35 20
38 26
39 21
48 14
48 39
48 42
55 41
55 54
56 25
57 7
57 50
59 22
59 42
60 56
62 7
64 57
64 59
68 50
69 50
69 68
70 2
70 54
74 7
74 68
75 45
78 67
78 68
80 72
81 7
81 67
81 68
83 50
83 68
84 50
84 68
87 29
87 77
89 55
94 67
94 68
98 38
99 54
99 68
100 50
100 68
101 21
102 8
102 37
102 52
103 32
103 61
103 94
105 26
109 14
109 32
109 61
109 72
109 85
109 96
110 37
110 42
110 67
114 5
114 54
114 101
115 38
119 7
119 39
122 27
127 57
127 59
130 126
131 21
131 125
134 50
134 68
135 70
135 74
135 125
136 55
139 37
139 55
139 74
146 100
146 127
148 68
148 102
148 146
149 50
149 68
150 22
150 42
150 89
153 126
158 50
158 54
160 2
160 20
160 48
160 149
162 7
162 149
165 103
166 38
166 150
168 77
169 50
169 68
170 29
170 77
172 102
174 50
174 68
175 50
175 68
176 135
177 56
177 80
180 131
183 135
184 136
186 26
187 103
188 170
189 47
189 57
189 165
190 50
190 68
192 54
192 96
192 162
192 170
194 8
194 27
194 52
194 74
194 109
194 125
196 26
196 55
196 62
196 68
196 103
196 143
196 150
196 179
197 62
197 136
198 26
198 50
198 136
198 172
199 85
201 45
206 50
206 68
207 57
207 142
207 165
211 25
211 149
214 20
214 37
214 54
214 148
214 168
216 122
216 135
217 170
218 126
220 29
220 77
223 68
226 2
226 5
226 37
226 39
226 48
226 139
226 192
228 50
228 54
228 170
228 172
228 186
229 26
229 55
229 62
229 68
229 103
229 143
229 150
229 179
230 5
230 54
230 101
230 115
230 149
231 170
235 122
235 135
236 50
236 68
239 56
239 67
239 68
239 80
239 99
239 136
239 229
241 7
241 67
241 68
246 62
246 165
246 184
248 29
248 77
252 29
260 25
260 85
260 149
261 99
261 194
263 35
266 57
266 68
266 211
266 246
266 263
267 103
267 179
268 14
268 39
268 42
268 139
268 251
270 170
271 7
271 67
271 68
271 229
272 16
272 229
272 263
272 271
274 50
274 68
275 131
277 217
279 217
280 26
280 85
280 271
281 126
281 264
282 102
282 229
282 263
284 29
284 77
285 102
286 48
286 175
286 186
286 203
286 211
286 214
289 26
289 55
289 62
289 68
289 103
289 143
289 150
289 179
289 255
289 263
289 264
289 282
290 26
290 55
290 62
290 68
290 103
290 143
290 150
290 179
290 255
290 263
290 264
290 282
291 50
291 68
293 57
293 162
293 267
295 84
295 168
295 187
295 291
296 2
296 20
296 26
296 110
296 272
297 50
297 68
300 50
300 68
302 26
302 55
302 62
302 68
302 103
302 143
302 150
302 179
302 255
302 263
302 264
302 282
302 300
303 122
303 135
305 47
305 62
305 89
305 126
306 135
307 2
307 54
307 68
307 162
307 266
307 300
308 25
308 42
308 199
308 271
308 286
308 295
310 29
310 77
312 170
313 21
313 62
313 165
313 170
313 179
313 258
315 27
315 85
315 101
315 115
315 119
315 218
317 305
318 50
318 68
318 300
319 25
319 148
319 199
319 207
319 226
319 271
321 50
321 68
321 300
322 50
322 68
322 300
325 45
326 50
326 68
326 300
327 56
327 184
328 7
328 50
328 207
328 251
328 252
328 271
328 282
329 170
330 170
332 99
332 142
332 165
333 35
333 184
334 102
334 229
334 263
335 99
337 18
338 29
339 126
339 334
340 337
341 25
341 149
341 226
341 266
341 290
342 94
342 175
342 203
342 211
342 214
342 260
343 39
343 14
344 126
344 334
346 255
346 337
346 341
347 162
347 258
347 332
348 85
348 207
348 271
349 35
349 122
349 126
349 131
350 55
350 62
350 68
350 103
350 150
350 179
350 192
350 207
350 264
350 271
350 300
354 162
354 258
354 332
356 22
356 89
356 322
357 85
357 103
357 148
357 207
358 103
358 207
358 271
362 2
362 20
362 41
362 57
362 110
362 148
362 246
362 266
362 307
363 16
363 27
363 74
363 125
363 272
363 293
364 26
364 55
364 62
364 68
364 103
364 143
364 150
364 179
364 255
364 263
364 264
364 282
364 300
366 85
366 207
367 50
367 55
367 126
367 162
370 102
370 146
373 170
373 342
375 172
375 207
375 255
377 135
377 341
381 5
381 54
381 101
381 115
381 149
382 85
382 103
382 148
385 29
386 8
386 26
386 37
386 52
387 26
387 166
388 162
388 258
388 332
389 6
389 23
389 98
389 170
389 198
390 14
390 48
390 94
390 175
390 211
390 214
390 293
390 347
391 103
391 207
392 61
392 111
392 289
392 326
393 217
393 353
394 14
394 39
394 42
394 139
394 251
394 295
396 142
396 148
396 250
396 266
396 286
396 322
397 50
397 68
397 300
397 350
398 2
398 21
398 32
398 61
398 94
398 214
398 296
398 347
400 59
400 162
402 8
402 16
402 46
403 99
403 136
403 207
403 258
403 268
404 126
404 334
407 350
408 5
408 14
408 22
408 25
408 72
408 203
408 230
408 272
409 50
409 68
409 300
409 350
410 50
410 68
410 300
410 350
411 110
411 142
411 162
411 229
411 332
412 7
412 67
412 68
412 251
412 252
412 272
412 286
412 300
413 67
413 68
413 229
413 239
413 263
413 300
415 126
415 305
416 50
416 68
416 300
416 350
417 22
417 148
417 250
417 290
417 364
419 60
419 349
420 77
422 350
425 14
425 25
425 32
425 37
425 39
425 166
425 203
425 251
426 85
426 207
431 126
431 350
435 101
435 116
435 148
435 149
436 102
436 229
436 263
437 170
437 342
438 11
438 134
438 274
439 55
439 62
439 158
439 211
439 228
439 260
439 308
439 348
440 50
440 68
440 300
440 350
443 342
446 126
446 334
448 2
448 74
448 296
448 348
451 50
451 68
451 300
451 350
452 315
452 362
456 122
456 135
456 342
457 7
457 56
457 252
457 263
457 282
457 286
458 101
458 116
458 148
458 149
460 217
461 50
461 68
461 300
461 350
462 250
462 266
462 271
462 286
462 290
462 322
463 8
463 27
463 39
463 46
463 139
463 293
464 162
464 258
464 332
465 142
465 165
467 32
467 61
467 186
467 211
467 223
467 308
467 347
468 13
468 38
468 57
468 142
468 162
469 16
469 67
469 207
469 251
469 268
469 282
471 50
471 68
471 300
471 350
472 122
472 131
476 99
481 217
485 143
485 179
485 194
485 357
486 21
486 125
486 150
486 180
486 290
486 322
486 357
486 364
488 337
488 341
488 362
490 50
490 68
490 300
490 350
491 143
492 42
492 148
492 149
492 295
494 199
499 258
499 332
500 50
500 68
500 300
500 350
