1 
2 5 6 7 8 11 13 14 16 18 20 21 22 23 25 26 27 29 32 35 37 38 39 41 42 46 47 48 50 52 54 55 56 57 59 60 61 62 64 67 68 69 70 72 74 77 78 80 81 83 84 85 87 89 94 96 98 99 100 101 102 103 105 109 110 111 114 115 116 119 122 125 126 127 130 131 134 135 136 139 142 143 146 148 149 150 153 158 160 162 165 166 168 169 170 172 174 175 176 177 179 180 183 184 186 187 188 189 190 192 194 196 197 198 199 203 206 207 211 214 216 217 218 220 223 226 228 229 230 231 235 236 239 241 246 248 250 251 252 255 258 260 261 263 264 266 267 268 270 271 272 274 275 277 279 280 281 282 284 285 286 289 290 291 293 295 296 297 300 302 303 305 306 307 308 310 312 313 315 317 318 319 321 322 326 327 328 329 330 332 333 334 335 337 338 339 340 341 342 343 344 346 347 348 349 350 353 354 356 357 358 362 363 364 366 367 370 373 375 377 381 382 385 386 387 388 389 390 391 392 393 394 396 397 398 400 402 403 404 407 408 409 410 411 412 413 415 416 417 419 420 422 425 426 431 435 436 437 438 439 440 443 446 448 451 452 456 457 458 460 461 462 463 464 465 467 468 469 471 472 476 481 485 486 488 490 491 492 494 499 500 
3 
4 
9 
10 
12 
15 
17 
19 
24 
28 
30 
31 
33 
34 
36 
40 
43 
44 
45 75 201 325 
49 
51 
53 
58 
63 
65 
66 
71 
73 
76 
79 
82 
86 
88 
90 
91 
92 
93 
95 
97 
104 
106 
107 
108 
112 
113 
117 
118 
120 
121 
123 
124 
128 
129 
132 
133 
137 
138 
140 
141 
144 
145 
147 
151 
152 
154 
155 
156 
157 
159 
161 
163 
164 
167 
171 
173 
178 
181 
182 
185 
191 
193 
195 
200 
202 
204 
205 
208 
209 
210 
212 
213 
215 
219 
221 
222 
224 
225 
227 
232 
233 
234 
237 
238 
240 
242 
243 
244 
245 
247 
249 
253 
254 
256 
257 
259 
262 
265 
269 
273 
276 
278 
283 
287 
288 
292 
294 
298 
299 
301 
304 
309 
311 
314 
316 
320 
323 
324 
331 
336 
345 
351 
352 
355 
359 
360 
361 
365 
368 
369 
371 
372 
374 
376 
378 
379 
380 
383 
384 
395 
399 
401 
405 
406 
414 
418 
421 
423 
424 
427 
428 
429 
430 
432 
433 
434 
441 
442 
444 
445 
447 
449 
450 
453 
454 
455 
459 
466 
470 
473 
474 
475 
477 
478 
479 
480 
482 
483 
484 
487 
489 
493 
495 
496 
497 
498 
