1 26 116 216 235 347 354 388
2
3 498
4
5 188 217 481
6 42
7 123 153 180 182 245 344 404 430 442
8
9
10 32 43 47 68 69 83 84 100 134 149 169 174 175 190 206 236 258 274 291 297 300 318 321 322 326 397 409 410 416 440 451 461 471 490 500
11
12
13 37 39 45 50 52 57 80 86 102 103 111 125 139 142 148 162 165 184 187 231 255 264 271 293 307 319 328 362 386 402 417 425 438 448 469 484 494
14 221
15 96
16
17
18 141 195 259 269 294 304 337 340 346 352 443 488
19 112 330
20 155
21 22 48 56 62 110 143 179 199 211 260 268 280 341 343 348 357 366 382 385 394 426
23 31 332
24 202
25
27
28
29 118
30 198
33 413 457
34
35 465
36
38 64 127 400
40
41 158 228
44
46
49
51 224
53
54
55 261
58
59 462
60
61
63
65
66
67 71
70
72
73
74 108 279 422
75
76
77
78
79
81 138 241 412
82
85
87
88
89 246 305
90
91
92
93
94
95 287
97
98
99 250
101 131 486
104
105 214
106
107
109
113
114 230 381 435 458
115
117 126
119
120
121 262 428
122
124
128
129
130 407
132
133
135
136
137
140
144
145
146
147
150
151
152
154
156
157
159 370 393
160 358
161
163
164
166
167
168
170
171
172
173
176
177
178
181
183
185
186
189
191
192
193
194 313 333 392
196 229 290 302 364
197
200
201
203
204
205
207
208
209
210
212
213
215
218 339 446
219
220
222
223
225
226
227
232 452
233
234
237
238
239
240
242
243
244
247
248
249
251
252
253
254
256
257
263
265
266
267
270
272
273
275
276
277
278
281
282
283
284
285
286
288
289
292
295
296
298
299
301
303 456
306
308
309
310
311
312
314
315
316
317
320
323
324
325
327
329 373
331
334
335
336
338
342
345
349
350
351
353
355
356
359
360
361
363
365
367
368
369
371
372
374
375
376
377
378
379
380
383
384
387
389
390
391
395
396
398
399
401
403
405
406
408
411
414
415
418
419
420
421
423
424
427
429
431
432
433
434
436
437
439
441
444
445
447
449
450
453
454
455
459
460
463
464
466
467
468
470
472
473
474
475
476
477
478
479
480
482
483
485
487
489
491
492
493
495
496
497
499
