1 2
1 5
1 6
1 8
1 11
1 13
1 15
1 21
1 22
1 26
1 38
1 42
1 48
1 50
1 51
1 54
1 56
1 57
1 59
1 62
1 64
1 65
1 67
1 72
1 75
1 78
1 89
1 98
1 99
1 103
1 108
1 110
1 112
1 115
1 116
1 127
1 136
1 138
1 143
1 148
1 150
1 159
1 166
1 177
1 179
1 181
1 183
1 184
1 186
1 189
1 192
1 198
1 199
1 203
1 211
1 216
1 223
1 226
1 230
1 235
1 241
1 246
1 251
1 256
1 260
1 261
1 266
1 267
1 268
1 270
1 271
1 275
1 279
1 280
1 286
1 296
1 299
1 303
1 305
1 306
1 308
1 312
1 319
1 332
1 341
1 343
1 347
1 348
1 354
1 356
1 357
1 362
1 366
1 375
1 381
1 382
1 387
1 388
1 391
1 393
1 394
1 396
1 398
1 400
1 402
1 408
1 411
1 412
1 414
1 415
1 417
2 1
2 5
2 6
2 8
2 11
2 13
2 14
2 15
2 19
2 20
2 21
2 22
2 23
2 26
2 27
2 31
2 33
2 35
2 38
2 39
2 41
2 42
2 48
2 50
2 51
2 54
2 55
2 56
2 57
2 58
2 59
2 62
2 63
2 64
2 65
2 67
2 70
2 71
2 72
2 74
2 75
2 77
2 78
2 80
2 81
2 85
2 89
2 91
2 94
2 96
2 98
2 99
2 101
2 102
2 103
2 108
2 109
2 110
2 111
2 112
2 115
2 116
2 119
2 122
2 127
2 128
2 131
2 136
2 138
2 139
2 142
2 143
2 146
2 148
2 150
2 152
2 158
2 159
2 165
2 166
2 173
2 177
2 179
2 181
2 183
2 184
2 186
2 187
2 188
2 189
2 192
2 196
2 198
2 199
2 203
2 211
2 214
2 216
2 217
2 223
2 226
2 228
2 229
2 230
2 231
2 232
2 235
2 239
2 241
2 246
2 250
2 251
2 255
2 256
2 258
2 260
2 261
2 264
2 266
2 267
2 268
2 271
2 275
2 277
2 279
2 280
2 285
2 286
2 289
2 290
2 293
2 295
2 296
2 299
2 302
2 303
2 305
2 306
2 307
2 308
2 312
2 313
2 317
2 319
2 328
2 329
2 330
2 332
2 341
2 342
2 343
2 347
2 348
2 350
2 353
2 354
2 356
2 357
2 362
2 363
2 364
2 366
2 370
2 373
2 375
2 381
2 382
2 386
2 387
2 388
2 389
2 391
2 392
2 393
2 394
2 395
2 396
2 398
2 400
2 402
2 403
2 407
2 408
2 411
2 412
2 413
2 414
2 415
2 417
3 5
3 6
3 13
3 25
3 33
3 51
3 58
3 65
3 108
3 112
3 128
3 130
3 159
3 173
3 177
3 184
3 188
3 189
3 192
3 207
3 226
3 237
3 251
3 256
3 266
3 275
3 279
3 281
3 299
3 303
3 315
3 317
3 325
3 327
3 330
3 332
3 353
3 370
3 393
3 396
3 413
5 1
5 2
5 3
5 6
5 8
5 11
5 13
5 14
5 15
5 19
5 20
5 21
5 22
5 23
5 26
5 27
5 29
5 31
5 33
5 35
5 38
5 39
5 41
5 42
5 48
5 50
5 51
5 52
5 54
5 55
5 56
5 57
5 58
5 59
5 60
5 62
5 63
5 64
5 65
5 67
5 70
5 71
5 72
5 74
5 75
5 77
5 78
5 80
5 81
5 85
5 89
5 91
5 94
5 96
5 98
5 99
5 101
5 102
5 103
5 108
5 109
5 110
5 111
5 112
5 115
5 116
5 119
5 122
5 127
5 128
5 131
5 132
5 135
5 136
5 138
5 139
5 142
5 143
5 146
5 148
5 150
5 152
5 158
5 159
5 160
5 165
5 166
5 168
5 173
5 177
5 179
5 181
5 183
5 184
5 186
5 187
5 188
5 189
5 192
5 196
5 197
5 198
5 199
5 203
5 207
5 211
5 214
5 216
5 217
5 220
5 223
5 226
5 228
5 229
5 230
5 231
5 232
5 235
5 239
5 241
5 246
5 250
5 251
5 252
5 255
5 256
5 258
5 260
5 261
5 264
5 266
5 267
5 268
5 270
5 271
5 272
5 275
5 277
5 279
5 280
5 282
5 285
5 286
5 289
5 290
5 293
5 295
5 296
5 299
5 302
5 303
5 305
5 306
5 307
5 308
5 310
5 312
5 313
5 315
5 317
5 319
5 325
5 328
5 329
5 330
5 332
5 333
5 341
5 342
5 343
5 347
5 348
5 350
5 353
5 354
5 356
5 357
5 358
5 362
5 363
5 364
5 366
5 370
5 373
5 375
5 381
5 382
5 385
5 386
5 387
5 388
5 389
5 391
5 392
5 393
5 394
5 395
5 396
5 398
5 400
5 402
5 403
5 407
5 408
5 411
5 412
5 413
5 414
5 415
5 417
6 1
6 2
6 3
6 5
6 8
6 11
6 13
6 14
6 15
6 19
6 20
6 21
6 22
6 23
6 26
6 27
6 29
6 31
6 33
6 35
6 38
6 39
6 41
6 42
6 48
6 50
6 51
6 52
6 54
6 55
6 56
6 57
6 58
6 59
6 60
6 62
6 63
6 64
6 65
6 67
6 70
6 71
6 72
6 74
6 75
6 77
6 78
6 80
6 81
6 85
6 89
6 91
6 94
6 96
6 98
6 99
6 101
6 102
6 103
6 108
6 109
6 110
6 111
6 112
6 115
6 116
6 119
6 122
6 127
6 128
6 131
6 132
6 135
6 136
6 138
6 139
6 142
6 143
6 146
6 148
6 150
6 152
6 158
6 159
6 165
6 166
6 168
6 173
6 177
6 179
6 181
6 183
6 184
6 186
6 187
6 188
6 189
6 192
6 196
6 198
6 199
6 203
6 207
6 211
6 214
6 216
6 217
6 220
6 223
6 226
6 228
6 229
6 230
6 231
6 232
6 235
6 239
6 241
6 246
6 250
6 251
6 252
6 255
6 256
6 258
6 260
6 261
6 264
6 266
6 267
6 268
6 270
6 271
6 272
6 275
6 277
6 279
6 280
6 282
6 285
6 286
6 289
6 290
6 293
6 295
6 296
6 299
6 302
6 303
6 305
6 306
6 307
6 308
6 310
6 312
6 313
6 315
6 317
6 319
6 325
6 328
6 329
6 330
6 332
6 338
6 341
6 342
6 343
6 347
6 348
6 350
6 353
6 354
6 356
6 357
6 358
6 362
6 363
6 364
6 366
6 370
6 373
6 375
6 381
6 382
6 385
6 386
6 387
6 388
6 391
6 392
6 393
6 394
6 395
6 396
6 398
6 400
6 402
6 403
6 407
6 408
6 411
6 412
6 413
6 414
6 415
6 417
7 61
7 123
7 153
7 155
7 180
7 182
7 197
7 217
7 245
7 333
7 344
7 404
8 1
8 2
8 5
8 6
8 11
8 13
8 14
8 15
8 19
8 20
8 21
8 22
8 26
8 27
8 35
8 38
8 39
8 41
8 42
8 48
8 51
8 54
8 55
8 56
8 58
8 59
8 62
8 64
8 65
8 72
8 74
8 75
8 78
8 80
8 81
8 85
8 86
8 89
8 94
8 95
8 96
8 98
8 99
8 101
8 102
8 103
8 108
8 109
8 110
8 111
8 112
8 116
8 119
8 122
8 126
8 127
8 131
8 135
8 136
8 139
8 142
8 143
8 146
8 148
8 150
8 152
8 158
8 160
8 165
8 172
8 179
8 181
8 183
8 184
8 186
8 187
8 189
8 192
8 194
8 196
8 198
8 199
8 203
8 211
8 216
8 223
8 228
8 229
8 231
8 235
8 246
8 250
8 251
8 255
8 256
8 258
8 260
8 261
8 263
8 264
8 267
8 268
8 275
8 279
8 280
8 282
8 286
8 289
8 290
8 293
8 295
8 296
8 302
8 303
8 305
8 306
8 307
8 308
8 312
8 313
8 319
8 329
8 330
8 334
8 335
8 341
8 343
8 347
8 348
8 350
8 354
8 356
8 357
8 358
8 362
8 363
8 364
8 366
8 373
8 382
8 386
8 388
8 389
8 391
8 392
8 394
8 398
8 400
8 402
8 403
8 407
8 408
8 409
8 411
8 414
8 417
8 419
11 1
11 2
11 5
11 6
11 8
11 13
11 14
11 15
11 19
11 20
11 21
11 22
11 26
11 27
11 33
11 35
11 38
11 39
11 41
11 42
11 48
11 50
11 51
11 54
11 55
11 56
11 57
11 58
11 59
11 62
11 64
11 65
11 67
11 71
11 72
11 74
11 75
11 78
11 80
11 81
11 85
11 89
11 94
11 96
11 98
11 99
11 101
11 103
11 108
11 109
11 110
11 111
11 112
11 116
11 119
11 122
11 127
11 131
11 136
11 138
11 139
11 142
11 143
11 146
11 148
11 150
11 152
11 158
11 159
11 165
11 166
11 179
11 181
11 183
11 184
11 186
11 187
11 189
11 192
11 196
11 198
11 199
11 203
11 211
11 214
11 216
11 223
11 228
11 229
11 230
11 231
11 235
11 241
11 246
11 250
11 251
11 255
11 256
11 258
11 260
11 261
11 264
11 267
11 268
11 271
11 275
11 279
11 280
11 282
11 286
11 289
11 290
11 293
11 295
11 296
11 302
11 303
11 305
11 306
11 307
11 308
11 312
11 313
11 319
11 328
11 329
11 330
11 334
11 341
11 343
11 347
11 348
11 350
11 354
11 356
11 357
11 362
11 363
11 364
11 366
11 373
11 375
11 381
11 382
11 386
11 388
11 391
11 392
11 393
11 394
11 395
11 398
11 400
11 402
11 403
11 407
11 408
11 411
11 413
11 414
11 417
13 1
13 2
13 3
13 5
13 6
13 8
13 11
13 19
13 21
13 22
13 23
13 25
13 26
13 29
13 31
13 33
13 38
13 42
13 46
13 48
13 51
13 52
13 54
13 56
13 58
13 59
13 60
13 62
13 63
13 64
13 65
13 70
13 72
13 75
13 77
13 87
13 89
13 98
13 108
13 110
13 112
13 116
13 118
13 127
13 128
13 132
13 136
13 138
13 143
13 148
13 150
13 152
13 159
13 168
13 170
13 173
13 176
13 177
13 179
13 181
13 184
13 188
13 189
13 192
13 196
13 197
13 198
13 199
13 203
13 207
13 211
13 216
13 217
13 218
13 220
13 223
13 226
13 229
13 232
13 235
13 239
13 241
13 246
13 248
13 249
13 251
13 252
13 256
13 260
13 261
13 268
13 271
13 275
13 277
13 279
13 280
13 281
13 284
13 285
13 286
13 289
13 290
13 296
13 299
13 302
13 303
13 305
13 306
13 308
13 310
13 312
13 315
13 317
13 319
13 325
13 327
13 330
13 332
13 333
13 338
13 339
13 341
13 343
13 347
13 348
13 350
13 353
13 354
13 356
13 357
13 362
13 364
13 366
13 370
13 375
13 381
13 382
13 385
13 387
13 388
13 391
13 393
13 394
13 398
13 400
13 402
13 408
13 411
13 412
13 413
14 2
14 5
14 6
14 8
14 11
14 15
14 19
14 20
14 21
14 22
14 27
14 35
14 38
14 39
14 41
14 42
14 48
14 51
14 54
14 55
14 56
14 59
14 62
14 64
14 72
14 74
14 75
14 78
14 80
14 81
14 85
14 89
14 94
14 96
14 98
14 101
14 102
14 103
14 108
14 109
14 110
14 111
14 112
14 119
14 122
14 127
14 131
14 135
14 139
14 142
14 143
14 146
14 150
14 158
14 165
14 179
14 181
14 184
14 187
14 189
14 192
14 198
14 199
14 211
14 223
14 228
14 231
14 246
14 256
14 258
14 260
14 261
14 263
14 264
14 268
14 275
14 280
14 282
14 286
14 289
14 293
14 295
14 296
14 303
14 305
14 306
14 307
14 308
14 312
14 313
14 319
14 329
14 334
14 335
14 341
14 343
14 348
14 350
14 356
14 357
14 362
14 363
14 366
14 373
14 382
14 386
14 391
14 392
14 394
14 398
14 400
14 402
14 403
14 407
14 408
14 411
14 414
14 417
15 1
15 2
15 5
15 6
15 8
15 11
15 14
15 19
15 20
15 21
15 22
15 26
15 27
15 35
15 38
15 39
15 41
15 42
15 48
15 54
15 55
15 56
15 59
15 62
15 64
15 72
15 74
15 75
15 78
15 80
15 81
15 85
15 89
15 94
15 96
15 98
15 99
15 101
15 103
15 108
15 109
15 110
15 111
15 116
15 119
15 122
15 127
15 131
15 136
15 139
15 142
15 143
15 146
15 150
15 152
15 158
15 159
15 165
15 179
15 181
15 183
15 187
15 189
15 192
15 198
15 199
15 203
15 211
15 214
15 216
15 223
15 228
15 231
15 246
15 255
15 256
15 258
15 260
15 261
15 264
15 267
15 268
15 275
15 280
15 282
15 286
15 293
15 295
15 296
15 303
15 305
15 306
15 307
15 308
15 312
15 313
15 319
15 329
15 334
15 341
15 343
15 347
15 348
15 356
15 357
15 362
15 363
15 366
15 373
15 382
15 386
15 391
15 392
15 394
15 395
15 398
15 400
15 402
15 403
15 407
15 408
15 411
15 417
18 120
18 141
18 195
18 217
18 259
18 269
18 294
18 304
18 337
18 340
18 346
18 351
18 352
19 2
19 5
19 6
19 8
19 11
19 13
19 14
19 15
19 20
19 21
19 22
19 26
19 27
19 33
19 35
19 38
19 39
19 42
19 48
19 50
19 51
19 54
19 55
19 56
19 58
19 59
19 62
19 63
19 64
19 65
19 72
19 74
19 75
19 78
19 80
19 81
19 89
19 94
19 98
19 101
19 102
19 103
19 108
19 110
19 111
19 112
19 119
19 122
19 127
19 128
19 131
19 136
19 139
19 142
19 143
19 146
19 148
19 150
19 152
19 165
19 179
19 181
19 184
19 186
19 187
19 188
19 189
19 192
19 196
19 198
19 199
19 203
19 211
19 216
19 217
19 223
19 229
19 230
19 231
19 232
19 235
19 246
19 250
19 251
19 255
19 256
19 258
19 260
19 261
19 264
19 268
19 275
19 277
19 279
19 280
19 286
19 289
19 290
19 293
19 295
19 296
19 302
19 303
19 305
19 306
19 307
19 308
19 312
19 313
19 319
19 328
19 329
19 330
19 336
19 341
19 342
19 343
19 347
19 348
19 350
19 353
19 354
19 355
19 356
19 357
19 362
19 363
19 364
19 366
19 373
19 381
19 382
19 386
19 388
19 391
19 392
19 394
19 398
19 400
19 402
19 403
19 407
19 408
19 411
19 413
19 414
19 417
20 2
20 5
20 6
20 8
20 11
20 14
20 15
20 19
20 21
20 22
20 27
20 35
20 38
20 39
20 41
20 42
20 48
20 54
20 56
20 59
20 62
20 64
20 72
20 74
20 75
20 78
20 81
20 89
20 94
20 96
20 98
20 101
20 103
20 108
20 109
20 110
20 111
20 119
20 127
20 131
20 139
20 143
20 146
20 150
20 165
20 179
20 181
20 184
20 187
20 189
20 198
20 199
20 211
20 223
20 228
20 246
20 256
20 258
20 260
20 261
20 263
20 264
20 268
20 275
20 280
20 282
20 286
20 293
20 295
20 296
20 305
20 306
20 307
20 308
20 312
20 313
20 319
20 329
20 341
20 343
20 348
20 356
20 357
20 362
20 366
20 373
20 382
20 391
20 394
20 398
20 400
20 402
20 403
20 407
20 408
20 411
20 414
20 417
21 1
21 2
21 5
21 6
21 8
21 11
21 13
21 14
21 15
21 19
21 20
21 22
21 26
21 27
21 33
21 35
21 38
21 39
21 41
21 42
21 48
21 50
21 51
21 54
21 55
21 56
21 58
21 59
21 62
21 63
21 64
21 65
21 72
21 74
21 75
21 78
21 80
21 81
21 86
21 89
21 94
21 95
21 96
21 98
21 99
21 101
21 102
21 103
21 108
21 109
21 110
21 111
21 112
21 116
21 119
21 122
21 126
21 127
21 128
21 131
21 135
21 136
21 138
21 139
21 142
21 143
21 146
21 148
21 150
21 152
21 158
21 159
21 160
21 165
21 179
21 181
21 183
21 184
21 186
21 187
21 188
21 189
21 192
21 194
21 196
21 198
21 199
21 203
21 211
21 216
21 217
21 223
21 228
21 229
21 230
21 231
21 235
21 241
21 246
21 250
21 251
21 255
21 256
21 258
21 260
21 261
21 263
21 264
21 267
21 268
21 271
21 275
21 277
21 279
21 280
21 282
21 286
21 289
21 290
21 293
21 295
21 296
21 302
21 303
21 305
21 306
21 307
21 308
21 312
21 313
21 319
21 328
21 329
21 330
21 332
21 334
21 335
21 336
21 341
21 342
21 343
21 347
21 348
21 350
21 353
21 354
21 355
21 356
21 357
21 358
21 362
21 363
21 364
21 366
21 373
21 375
21 381
21 382
21 386
21 388
21 389
21 391
21 392
21 393
21 394
21 398
21 400
21 402
21 403
21 407
21 408
21 409
21 411
21 413
21 414
21 417
22 1
22 2
22 5
22 6
22 8
22 11
22 13
22 14
22 15
22 19
22 20
22 21
22 26
22 27
22 33
22 35
22 38
22 39
22 41
22 42
22 48
22 50
22 51
22 54
22 55
22 56
22 58
22 59
22 62
22 63
22 64
22 65
22 72
22 74
22 75
22 78
22 80
22 81
22 86
22 89
22 94
22 96
22 98
22 99
22 101
22 102
22 103
22 108
22 109
22 110
22 111
22 112
22 116
22 119
22 122
22 126
22 127
22 128
22 131
22 135
22 136
22 138
22 139
22 142
22 143
22 146
22 148
22 150
22 152
22 158
22 159
22 160
22 165
22 179
22 181
22 183
22 184
22 186
22 187
22 188
22 189
22 192
22 194
22 196
22 198
22 199
22 203
22 211
22 214
22 216
22 217
22 223
22 228
22 229
22 230
22 231
22 235
22 241
22 246
22 250
22 251
22 255
22 256
22 258
22 260
22 261
22 263
22 264
22 267
22 268
22 271
22 275
22 277
22 279
22 280
22 282
22 286
22 289
22 290
22 293
22 295
22 296
22 302
22 303
22 305
22 306
22 307
22 308
22 312
22 313
22 319
22 328
22 329
22 330
22 332
22 334
22 335
22 336
22 341
22 342
22 343
22 347
22 348
22 350
22 353
22 354
22 355
22 356
22 357
22 358
22 362
22 363
22 364
22 366
22 373
22 375
22 381
22 382
22 386
22 388
22 389
22 391
22 392
22 393
22 394
22 395
22 398
22 400
22 402
22 403
22 407
22 408
22 409
22 411
22 413
22 414
22 417
23 2
23 5
23 6
23 13
23 25
23 31
23 33
23 38
23 40
23 51
23 52
23 58
23 60
23 63
23 64
23 65
23 108
23 112
23 127
23 128
23 130
23 181
23 184
23 188
23 189
23 192
23 207
23 251
23 256
23 275
23 277
23 279
23 303
23 312
23 315
23 327
23 330
23 332
23 353
23 400
23 413
24 153
24 180
24 197
24 217
24 221
24 287
24 344
24 404
25 3
25 13
25 23
25 31
25 32
25 33
25 40
25 51
25 69
25 83
25 99
25 112
25 115
25 130
25 159
25 173
25 174
25 175
25 184
25 189
25 190
25 192
25 206
25 207
25 226
25 232
25 237
25 251
25 266
25 275
25 281
25 297
25 299
25 303
25 315
25 317
25 318
25 325
25 327
25 330
25 353
25 370
25 387
25 393
25 396
25 413
26 1
26 2
26 5
26 6
26 8
26 11
26 13
26 15
26 19
26 21
26 22
26 38
26 42
26 48
26 50
26 51
26 54
26 56
26 57
26 59
26 62
26 64
26 65
26 67
26 72
26 75
26 78
26 89
26 98
26 99
26 103
26 108
26 110
26 112
26 115
26 116
26 127
26 136
26 138
26 143
26 148
26 150
26 159
26 166
26 177
26 179
26 181
26 183
26 184
26 186
26 189
26 192
26 198
26 199
26 203
26 211
26 216
26 223
26 226
26 230
26 235
26 241
26 246
26 251
26 256
26 260
26 261
26 266
26 267
26 268
26 270
26 271
26 275
26 279
26 280
26 286
26 296
26 299
26 303
26 305
26 306
26 308
26 312
26 317
26 319
26 329
26 332
26 341
26 343
26 347
26 348
26 354
26 356
26 357
26 362
26 366
26 375
26 381
26 382
26 387
26 388
26 391
26 393
26 394
26 396
26 398
26 400
26 402
26 408
26 411
26 412
26 414
26 415
26 417
27 2
27 5
27 6
27 8
27 11
27 14
27 15
27 19
27 20
27 21
27 22
27 35
27 38
27 39
27 42
27 48
27 54
27 56
27 59
27 62
27 64
27 72
27 74
27 75
27 78
27 89
27 94
27 96
27 98
27 101
27 103
27 109
27 110
27 119
27 127
27 131
27 139
27 143
27 146
27 150
27 165
27 179
27 181
27 187
27 198
27 199
27 211
27 223
27 246
27 256
27 258
27 260
27 261
27 268
27 275
27 280
27 282
27 286
27 296
27 305
27 306
27 308
27 312
27 313
27 319
27 341
27 343
27 348
27 356
27 357
27 362
27 366
27 382
27 391
27 392
27 394
27 398
27 400
27 402
27 407
27 411
29 5
29 6
29 13
29 51
29 65
29 77
29 108
29 112
29 132
29 168
29 184
29 189
29 251
29 252
29 256
29 275
29 279
29 284
29 303
29 310
29 385
31 2
31 5
31 6
31 13
31 23
31 25
31 33
31 38
31 46
31 51
31 52
31 58
31 60
31 63
31 64
31 65
31 108
31 112
31 127
31 128
31 130
31 181
31 184
31 188
31 189
31 192
31 207
31 217
31 251
31 256
31 275
31 277
31 279
31 303
31 312
31 315
31 325
31 327
31 330
31 332
31 353
31 370
31 400
31 413
32 25
32 40
32 43
32 68
32 69
32 83
32 84
32 100
32 117
32 134
32 149
32 159
32 169
32 174
32 175
32 190
32 206
32 232
32 236
32 237
32 274
32 291
32 297
32 300
32 318
32 321
32 322
32 325
32 326
32 353
32 370
32 393
33 2
33 3
33 5
33 6
33 11
33 13
33 19
33 21
33 22
33 23
33 25
33 31
33 38
33 42
33 48
33 51
33 52
33 54
33 56
33 58
33 60
33 63
33 64
33 65
33 75
33 89
33 98
33 108
33 110
33 112
33 127
33 128
33 130
33 143
33 150
33 176
33 179
33 181
33 184
33 188
33 189
33 192
33 199
33 207
33 211
33 217
33 218
33 232
33 246
33 251
33 256
33 260
33 268
33 275
33 277
33 279
33 280
33 285
33 289
33 303
33 305
33 312
33 315
33 330
33 332
33 341
33 343
33 348
33 350
33 353
33 356
33 357
33 362
33 366
33 370
33 382
33 394
33 398
33 400
33 402
33 413
35 2
35 5
35 6
35 8
35 11
35 14
35 15
35 19
35 20
35 21
35 22
35 27
35 38
35 39
35 41
35 42
35 48
35 54
35 55
35 56
35 59
35 62
35 64
35 72
35 74
35 75
35 78
35 80
35 81
35 85
35 89
35 94
35 96
35 98
35 101
35 102
35 103
35 108
35 109
35 110
35 111
35 119
35 122
35 127
35 131
35 135
35 139
35 142
35 143
35 146
35 150
35 158
35 165
35 179
35 181
35 187
35 198
35 199
35 211
35 214
35 223
35 228
35 231
35 246
35 256
35 258
35 260
35 261
35 263
35 264
35 267
35 268
35 275
35 280
35 282
35 286
35 293
35 295
35 296
35 305
35 306
35 307
35 308
35 312
35 313
35 319
35 329
35 334
35 335
35 341
35 343
35 348
35 356
35 357
35 362
35 363
35 366
35 373
35 382
35 386
35 391
35 392
35 394
35 395
35 398
35 400
35 402
35 403
35 407
35 408
35 411
35 417
37 125
38 1
38 2
38 5
38 6
38 8
38 11
38 13
38 14
38 15
38 19
38 20
38 21
38 22
38 23
38 26
38 27
38 31
38 33
38 35
38 39
38 41
38 42
38 48
38 50
38 51
38 54
38 55
38 56
38 57
38 58
38 59
38 62
38 63
38 64
38 65
38 71
38 72
38 74
38 75
38 78
38 80
38 81
38 85
38 86
38 89
38 94
38 96
38 98
38 99
38 101
38 102
38 103
38 108
38 109
38 110
38 111
38 112
38 116
38 119
38 122
38 126
38 127
38 128
38 131
38 135
38 136
38 138
38 139
38 142
38 143
38 146
38 148
38 150
38 152
38 158
38 159
38 160
38 165
38 166
38 179
38 181
38 183
38 184
38 186
38 187
38 188
38 189
38 192
38 196
38 198
38 199
38 203
38 211
38 214
38 216
38 217
38 223
38 228
38 229
38 230
38 231
38 235
38 241
38 246
38 250
38 251
38 255
38 256
38 258
38 260
38 261
38 263
38 264
38 267
38 268
38 271
38 275
38 277
38 279
38 280
38 282
38 286
38 289
38 290
38 293
38 295
38 296
38 299
38 302
38 303
38 305
38 306
38 307
38 308
38 312
38 313
38 317
38 319
38 328
38 329
38 330
38 332
38 334
38 341
38 342
38 343
38 347
38 348
38 350
38 353
38 354
38 356
38 357
38 358
38 362
38 363
38 364
38 366
38 370
38 373
38 375
38 381
38 382
38 386
38 387
38 388
38 389
38 391
38 392
38 393
38 394
38 395
38 398
38 400
38 402
38 403
38 407
38 408
38 409
38 411
38 412
38 413
38 414
38 417
39 2
39 5
39 6
39 8
39 11
39 14
39 15
39 19
39 20
39 21
39 22
39 27
39 35
39 38
39 41
39 42
39 48
39 54
39 55
39 56
39 59
39 62
39 64
39 72
39 74
39 75
39 78
39 80
39 86
39 89
39 94
39 96
39 98
39 101
39 102
39 103
39 105
39 109
39 110
39 119
39 122
39 127
39 131
39 135
39 139
39 142
39 143
39 146
39 150
39 158
39 165
39 177
39 179
39 181
39 184
39 186
39 187
39 189
39 198
39 199
39 211
39 214
39 223
39 226
39 228
39 246
39 250
39 256
39 260
39 261
39 263
39 264
39 266
39 268
39 275
39 280
39 282
39 286
39 295
39 296
39 305
39 306
39 307
39 308
39 312
39 313
39 319
39 329
39 334
39 335
39 341
39 343
39 348
39 350
39 356
39 357
39 362
39 366
39 373
39 382
39 386
39 389
39 391
39 392
39 394
39 396
39 398
39 400
39 402
39 403
39 407
39 408
39 411
39 414
39 417
40 23
40 25
40 32
40 43
40 68
40 69
40 83
40 84
40 100
40 115
40 117
40 130
40 134
40 149
40 169
40 173
40 174
40 175
40 190
40 206
40 226
40 232
40 236
40 237
40 266
40 281
40 291
40 297
40 299
40 300
40 318
40 321
40 322
40 325
40 326
40 330
40 353
40 370
40 396
41 2
41 5
41 6
41 8
41 11
41 14
41 15
41 20
41 21
41 22
41 35
41 38
41 39
41 42
41 48
41 54
41 55
41 56
41 59
41 62
41 64
41 72
41 75
41 78
41 80
41 86
41 89
41 96
41 98
41 101
41 102
41 103
41 109
41 110
41 119
41 122
41 126
41 127
41 131
41 135
41 139
41 142
41 143
41 146
41 150
41 158
41 160
41 165
41 172
41 179
41 181
41 187
41 194
41 198
41 199
41 211
41 223
41 228
41 246
41 250
41 260
41 261
41 263
41 264
41 268
41 275
41 280
41 286
41 296
41 305
41 306
41 308
41 313
41 319
41 334
41 335
41 341
41 343
41 348
41 356
41 357
41 358
41 366
41 373
41 382
41 386
41 389
41 392
41 394
41 398
41 400
41 402
41 403
41 409
41 411
41 417
41 419
42 1
42 2
42 5
42 6
42 8
42 11
42 13
42 14
42 15
42 19
42 20
42 21
42 22
42 26
42 27
42 33
42 35
42 38
42 39
42 41
42 48
42 50
42 51
42 54
42 55
42 56
42 57
42 58
42 59
42 62
42 63
42 64
42 65
42 72
42 74
42 75
42 78
42 80
42 81
42 85
42 86
42 89
42 94
42 96
42 98
42 99
42 101
42 102
42 103
42 108
42 109
42 110
42 111
42 112
42 116
42 119
42 122
42 126
42 127
42 128
42 131
42 135
42 136
42 138
42 139
42 142
42 143
42 146
42 148
42 150
42 152
42 158
42 165
42 166
42 179
42 181
42 183
42 184
42 186
42 187
42 188
42 189
42 192
42 196
42 198
42 199
42 203
42 211
42 214
42 216
42 223
42 228
42 229
42 230
42 231
42 235
42 241
42 246
42 250
42 251
42 255
42 256
42 258
42 260
42 261
42 264
42 267
42 268
42 271
42 275
42 277
42 279
42 280
42 282
42 286
42 289
42 290
42 293
42 295
42 296
42 302
42 303
42 305
42 306
42 307
42 308
42 312
42 313
42 319
42 328
42 329
42 330
42 332
42 334
42 341
42 342
42 343
42 347
42 348
42 350
42 354
42 356
42 357
42 362
42 363
42 364
42 366
42 373
42 375
42 381
42 382
42 386
42 388
42 389
42 391
42 392
42 393
42 394
42 395
42 398
42 400
42 402
42 403
42 407
42 408
42 411
42 413
42 414
42 417
43 32
43 40
43 68
43 69
43 83
43 84
43 100
43 117
43 134
43 149
43 169
43 174
43 175
43 190
43 206
43 236
43 291
43 297
43 300
43 318
43 321
43 322
43 325
43 326
43 370
46 13
46 31
46 51
46 65
46 112
46 128
46 184
46 189
46 207
46 251
46 275
46 279
46 303
46 330
46 370
48 1
48 2
48 5
48 6
48 8
48 11
48 13
48 14
48 15
48 19
48 20
48 21
48 22
48 26
48 27
48 33
48 35
48 38
48 39
48 41
48 42
48 50
48 51
48 54
48 55
48 56
48 58
48 59
48 62
48 63
48 64
48 65
48 72
48 74
48 75
48 78
48 80
48 81
48 86
48 89
48 94
48 96
48 98
48 99
48 101
48 102
48 103
48 108
48 109
48 110
48 111
48 112
48 116
48 119
48 122
48 126
48 127
48 128
48 131
48 135
48 136
48 138
48 139
48 142
48 143
48 146
48 148
48 150
48 152
48 158
48 159
48 160
48 165
48 172
48 179
48 181
48 183
48 184
48 186
48 187
48 188
48 189
48 192
48 194
48 196
48 198
48 199
48 203
48 211
48 216
48 217
48 223
48 228
48 229
48 230
48 231
48 235
48 241
48 246
48 250
48 251
48 255
48 256
48 258
48 260
48 261
48 263
48 264
48 267
48 268
48 271
48 275
48 277
48 279
48 280
48 282
48 286
48 289
48 290
48 293
48 295
48 296
48 302
48 303
48 305
48 306
48 307
48 308
48 312
48 313
48 319
48 328
48 329
48 330
48 332
48 334
48 335
48 336
48 341
48 342
48 343
48 347
48 348
48 350
48 353
48 354
48 355
48 356
48 357
48 358
48 362
48 363
48 364
48 366
48 373
48 375
48 381
48 382
48 386
48 388
48 389
48 391
48 392
48 393
48 394
48 395
48 398
48 400
48 402
48 403
48 407
48 408
48 409
48 411
48 413
48 414
48 417
50 1
50 2
50 5
50 6
50 11
50 19
50 21
50 22
50 26
50 38
50 42
50 48
50 51
50 54
50 56
50 57
50 64
50 65
50 67
50 71
50 75
50 89
50 98
50 108
50 110
50 111
50 112
50 116
50 127
50 143
50 148
50 150
50 179
50 181
50 184
50 189
50 192
50 198
50 199
50 203
50 211
50 216
50 230
50 235
50 241
50 246
50 256
50 260
50 267
50 268
50 271
50 272
50 275
50 280
50 286
50 293
50 303
50 305
50 308
50 312
50 341
50 343
50 347
50 348
50 354
50 356
50 357
50 362
50 366
50 375
50 381
50 382
50 388
50 391
50 394
50 398
50 400
50 402
50 408
51 1
51 2
51 3
51 5
51 6
51 8
51 11
51 13
51 14
51 19
51 21
51 22
51 23
51 25
51 26
51 29
51 31
51 33
51 38
51 42
51 46
51 48
51 50
51 52
51 54
51 56
51 57
51 58
51 59
51 60
51 62
51 63
51 64
51 65
51 70
51 72
51 74
51 75
51 77
51 87
51 89
51 98
51 99
51 108
51 110
51 112
51 115
51 116
51 127
51 128
51 130
51 132
51 136
51 138
51 143
51 148
51 150
51 152
51 159
51 168
51 170
51 173
51 177
51 179
51 181
51 183
51 184
51 186
51 187
51 188
51 189
51 192
51 196
51 198
51 199
51 203
51 207
51 211
51 216
51 217
51 220
51 223
51 226
51 229
51 230
51 232
51 235
51 237
51 239
51 241
51 246
51 248
51 249
51 251
51 252
51 256
51 260
51 261
51 264
51 267
51 268
51 271
51 275
51 277
51 279
51 280
51 281
51 284
51 285
51 286
51 289
51 290
51 296
51 299
51 302
51 303
51 305
51 306
51 308
51 310
51 312
51 313
51 315
51 317
51 319
51 325
51 327
51 330
51 332
51 338
51 341
51 342
51 343
51 347
51 348
51 350
51 353
51 354
51 356
51 357
51 362
51 363
51 364
51 366
51 370
51 375
51 381
51 382
51 385
51 387
51 388
51 391
51 393
51 394
51 398
51 400
51 402
51 408
51 411
51 412
51 413
51 417
52 5
52 6
52 13
52 23
52 31
52 33
52 51
52 58
52 65
52 108
52 112
52 128
52 184
52 189
52 251
52 256
52 275
52 279
52 303
52 315
52 330
52 413
54 1
54 2
54 5
54 6
54 8
54 11
54 13
54 14
54 15
54 19
54 20
54 21
54 22
54 26
54 27
54 33
54 35
54 38
54 39
54 41
54 42
54 48
54 50
54 51
54 55
54 56
54 57
54 58
54 59
54 62
54 64
54 65
54 72
54 74
54 75
54 78
54 80
54 81
54 85
54 86
54 89
54 94
54 96
54 98
54 99
54 101
54 102
54 103
54 108
54 109
54 110
54 111
54 112
54 116
54 119
54 122
54 126
54 127
54 128
54 131
54 135
54 136
54 138
54 139
54 142
54 143
54 146
54 148
54 150
54 152
54 158
54 159
54 160
54 165
54 166
54 172
54 179
54 181
54 183
54 184
54 186
54 187
54 188
54 189
54 192
54 196
54 198
54 199
54 203
54 211
54 214
54 216
54 223
54 228
54 229
54 230
54 231
54 235
54 241
54 246
54 250
54 251
54 255
54 256
54 258
54 260
54 261
54 263
54 264
54 267
54 268
54 271
54 275
54 277
54 279
54 280
54 282
54 286
54 289
54 290
54 293
54 295
54 296
54 302
54 303
54 305
54 306
54 307
54 308
54 312
54 313
54 319
54 328
54 329
54 330
54 332
54 334
54 335
54 336
54 341
54 342
54 343
54 347
54 348
54 350
54 354
54 356
54 357
54 358
54 362
54 363
54 364
54 366
54 370
54 373
54 375
54 381
54 382
54 386
54 388
54 389
54 391
54 392
54 393
54 394
54 395
54 398
54 400
54 402
54 403
54 407
54 408
54 409
54 411
54 412
54 413
54 414
54 417
55 2
55 5
55 6
55 8
55 11
55 14
55 15
55 19
55 21
55 22
55 35
55 38
55 39
55 41
55 42
55 48
55 54
55 56
55 59
55 62
55 64
55 72
55 74
55 75
55 78
55 80
55 86
55 89
55 96
55 98
55 101
55 102
55 103
55 109
55 110
55 119
55 122
55 126
55 127
55 131
55 135
55 139
55 142
55 143
55 146
55 150
55 158
55 160
55 165
55 179
55 181
55 187
55 189
55 196
55 198
55 199
55 211
55 223
55 228
55 229
55 246
55 250
55 256
55 260
55 261
55 263
55 264
55 268
55 275
55 280
55 286
55 290
55 296
55 302
55 303
55 305
55 306
55 308
55 312
55 313
55 319
55 335
55 341
55 343
55 348
55 356
55 357
55 358
55 362
55 364
55 366
55 382
55 386
55 391
55 392
55 394
55 398
55 400
55 402
55 403
55 409
55 411
55 417
56 1
56 2
56 5
56 6
56 8
56 11
56 13
56 14
56 15
56 19
56 20
56 21
56 22
56 26
56 27
56 33
56 35
56 38
56 39
56 41
56 42
56 48
56 50
56 51
56 54
56 55
56 58
56 59
56 62
56 63
56 64
56 65
56 72
56 74
56 75
56 78
56 80
56 81
56 86
56 89
56 94
56 96
56 98
56 99
56 101
56 102
56 103
56 108
56 109
56 110
56 111
56 112
56 116
56 119
56 122
56 126
56 127
56 128
56 131
56 135
56 136
56 138
56 139
56 142
56 143
56 146
56 148
56 150
56 152
56 158
56 159
56 160
56 165
56 179
56 181
56 183
56 184
56 186
56 187
56 188
56 189
56 192
56 194
56 196
56 198
56 199
56 203
56 211
56 214
56 216
56 217
56 223
56 228
56 229
56 230
56 231
56 235
56 241
56 246
56 250
56 251
56 255
56 256
56 258
56 260
56 261
56 263
56 264
56 267
56 268
56 271
56 275
56 277
56 279
56 280
56 282
56 286
56 289
56 290
56 293
56 295
56 296
56 302
56 303
56 305
56 306
56 307
56 308
56 312
56 313
56 319
56 328
56 329
56 330
56 332
56 334
56 335
56 336
56 341
56 342
56 343
56 347
56 348
56 350
56 353
56 354
56 355
56 356
56 357
56 358
56 362
56 363
56 364
56 366
56 370
56 373
56 375
56 381
56 382
56 386
56 388
56 389
56 391
56 392
56 393
56 394
56 398
56 400
56 402
56 403
56 407
56 408
56 409
56 411
56 413
56 414
56 417
57 1
57 2
57 5
57 6
57 11
57 26
57 38
57 42
57 50
57 51
57 54
57 64
57 67
57 71
57 75
57 89
57 98
57 108
57 112
57 115
57 116
57 127
57 148
57 150
57 159
57 166
57 177
57 181
57 183
57 184
57 186
57 189
57 192
57 198
57 203
57 215
57 216
57 226
57 230
57 235
57 237
57 251
57 256
57 263
57 266
57 270
57 271
57 272
57 275
57 286
57 295
57 299
57 303
57 305
57 308
57 312
57 317
57 347
57 354
57 356
57 362
57 373
57 381
57 382
57 388
57 391
57 393
57 396
57 398
57 400
57 402
57 408
57 414
57 415
58 2
58 3
58 5
58 6
58 8
58 11
58 13
58 19
58 21
58 22
58 23
58 31
58 33
58 38
58 42
58 48
58 51
58 52
58 54
58 56
58 60
58 61
58 62
58 63
58 64
58 65
58 75
58 88
58 89
58 98
58 108
58 110
58 112
58 117
58 120
58 123
58 127
58 128
58 130
58 136
58 141
58 143
58 150
58 152
58 153
58 155
58 176
58 177
58 179
58 180
58 181
58 184
58 188
58 189
58 192
58 196
58 197
58 199
58 207
58 211
58 215
58 217
58 218
58 223
58 229
58 232
58 239
58 246
58 251
58 256
58 260
58 268
58 275
58 277
58 279
58 280
58 285
58 289
58 290
58 296
58 302
58 303
58 304
58 305
58 306
58 308
58 312
58 315
58 330
58 332
58 333
58 339
58 340
58 341
58 343
58 344
58 348
58 350
58 351
58 353
58 356
58 357
58 362
58 364
58 366
58 377
58 382
58 394
58 400
58 402
58 404
58 413
59 1
59 2
59 5
59 6
59 8
59 11
59 13
59 14
59 15
59 19
59 20
59 21
59 22
59 26
59 27
59 35
59 38
59 39
59 41
59 42
59 48
59 51
59 54
59 55
59 56
59 62
59 64
59 65
59 72
59 74
59 75
59 78
59 80
59 81
59 86
59 89
59 94
59 96
59 98
59 101
59 102
59 103
59 108
59 109
59 110
59 112
59 116
59 119
59 122
59 126
59 127
59 131
59 135
59 139
59 142
59 143
59 146
59 150
59 158
59 160
59 165
59 179
59 181
59 184
59 187
59 189
59 192
59 194
59 196
59 198
59 199
59 211
59 216
59 223
59 228
59 229
59 246
59 250
59 251
59 256
59 258
59 260
59 261
59 263
59 264
59 268
59 275
59 280
59 282
59 286
59 289
59 290
59 296
59 302
59 303
59 305
59 306
59 307
59 308
59 312
59 313
59 319
59 329
59 334
59 335
59 341
59 343
59 347
59 348
59 350
59 356
59 357
59 358
59 362
59 363
59 364
59 366
59 373
59 382
59 386
59 388
59 389
59 391
59 392
59 394
59 398
59 400
59 402
59 403
59 407
59 408
59 409
59 411
59 414
59 417
60 5
60 6
60 13
60 23
60 31
60 33
60 51
60 58
60 63
60 65
60 108
60 112
60 128
60 184
60 188
60 189
60 192
60 207
60 217
60 232
60 251
60 256
60 275
60 277
60 279
60 285
60 303
60 315
60 330
60 353
60 413
61 7
61 58
61 63
61 88
61 108
61 112
61 120
61 121
61 123
61 128
61 153
61 155
61 180
61 182
61 184
61 188
61 189
61 197
61 215
61 217
61 218
61 224
61 232
61 245
61 262
61 275
61 277
61 285
61 303
61 330
61 333
61 339
61 344
61 351
61 353
61 377
61 404
62 1
62 2
62 5
62 6
62 8
62 11
62 13
62 14
62 15
62 19
62 20
62 21
62 22
62 26
62 27
62 35
62 38
62 39
62 41
62 42
62 48
62 51
62 54
62 55
62 56
62 58
62 59
62 63
62 64
62 65
62 72
62 74
62 75
62 78
62 80
62 81
62 85
62 86
62 89
62 94
62 95
62 96
62 98
62 99
62 101
62 102
62 103
62 108
62 109
62 110
62 111
62 112
62 116
62 119
62 122
62 126
62 127
62 128
62 131
62 135
62 136
62 139
62 142
62 143
62 146
62 148
62 150
62 152
62 158
62 159
62 160
62 165
62 172
62 179
62 181
62 183
62 184
62 186
62 187
62 188
62 189
62 192
62 194
62 196
62 198
62 199
62 203
62 211
62 216
62 217
62 223
62 228
62 229
62 231
62 235
62 241
62 246
62 250
62 251
62 255
62 256
62 258
62 260
62 261
62 263
62 264
62 267
62 268
62 271
62 275
62 279
62 280
62 282
62 286
62 289
62 290
62 293
62 295
62 296
62 302
62 303
62 305
62 306
62 307
62 308
62 312
62 313
62 319
62 328
62 329
62 330
62 334
62 335
62 341
62 342
62 343
62 347
62 348
62 350
62 354
62 356
62 357
62 358
62 362
62 363
62 364
62 366
62 373
62 375
62 382
62 386
62 388
62 389
62 391
62 392
62 394
62 395
62 398
62 400
62 402
62 403
62 407
62 408
62 409
62 411
62 414
62 417
63 2
63 5
63 6
63 13
63 19
63 21
63 22
63 23
63 31
63 33
63 38
63 42
63 48
63 51
63 56
63 58
63 60
63 61
63 62
63 64
63 65
63 75
63 88
63 89
63 98
63 108
63 110
63 112
63 117
63 120
63 123
63 127
63 128
63 143
63 153
63 155
63 176
63 179
63 180
63 181
63 184
63 188
63 189
63 192
63 197
63 199
63 211
63 215
63 217
63 218
63 232
63 239
63 251
63 256
63 260
63 268
63 275
63 277
63 279
63 280
63 285
63 289
63 296
63 303
63 306
63 312
63 315
63 330
63 333
63 339
63 341
63 343
63 344
63 348
63 350
63 351
63 353
63 357
63 366
63 377
63 382
63 394
63 400
63 404
63 413
64 1
64 2
64 5
64 6
64 8
64 11
64 13
64 14
64 15
64 19
64 20
64 21
64 22
64 23
64 26
64 27
64 31
64 33
64 35
64 38
64 39
64 41
64 42
64 48
64 50
64 51
64 54
64 55
64 56
64 57
64 58
64 59
64 62
64 63
64 65
64 71
64 72
64 74
64 75
64 78
64 80
64 81
64 85
64 86
64 89
64 91
64 94
64 96
64 98
64 99
64 101
64 102
64 103
64 108
64 109
64 110
64 111
64 112
64 116
64 119
64 122
64 126
64 127
64 128
64 131
64 135
64 136
64 138
64 139
64 142
64 143
64 146
64 148
64 150
64 152
64 158
64 159
64 160
64 165
64 166
64 177
64 179
64 181
64 183
64 184
64 186
64 187
64 188
64 189
64 192
64 196
64 198
64 199
64 203
64 211
64 214
64 216
64 223
64 226
64 228
64 229
64 230
64 231
64 235
64 241
64 246
64 250
64 251
64 255
64 256
64 258
64 260
64 261
64 263
64 264
64 267
64 268
64 271
64 275
64 277
64 279
64 280
64 282
64 286
64 289
64 290
64 293
64 295
64 296
64 299
64 302
64 303
64 305
64 306
64 307
64 308
64 312
64 313
64 317
64 319
64 328
64 329
64 330
64 332
64 341
64 342
64 343
64 347
64 348
64 350
64 354
64 356
64 357
64 358
64 362
64 363
64 364
64 366
64 370
64 373
64 375
64 381
64 382
64 386
64 387
64 388
64 389
64 391
64 392
64 393
64 394
64 395
64 398
64 400
64 402
64 403
64 407
64 408
64 409
64 411
64 412
64 413
64 414
64 417
65 1
65 2
65 3
65 5
65 6
65 8
65 11
65 13
65 19
65 21
65 22
65 23
65 26
65 29
65 31
65 33
65 38
65 42
65 46
65 48
65 50
65 51
65 52
65 54
65 56
65 58
65 59
65 60
65 62
65 63
65 64
65 70
65 72
65 75
65 77
65 87
65 89
65 91
65 98
65 99
65 108
65 110
65 112
65 115
65 116
65 118
65 127
65 128
65 132
65 136
65 138
65 143
65 148
65 150
65 152
65 159
65 168
65 170
65 173
65 177
65 179
65 181
65 183
65 184
65 186
65 187
65 188
65 189
65 192
65 197
65 198
65 199
65 201
65 203
65 207
65 211
65 216
65 217
65 220
65 223
65 226
65 232
65 235
65 237
65 239
65 241
65 246
65 248
65 249
65 251
65 252
65 256
65 260
65 261
65 267
65 268
65 271
65 275
65 277
65 279
65 280
65 281
65 284
65 286
65 289
65 296
65 299
65 303
65 305
65 306
65 308
65 310
65 312
65 313
65 315
65 317
65 319
65 325
65 327
65 330
65 332
65 333
65 338
65 341
65 342
65 343
65 347
65 348
65 350
65 353
65 354
65 356
65 357
65 362
65 363
65 366
65 370
65 375
65 381
65 382
65 385
65 387
65 388
65 391
65 393
65 394
65 398
65 400
65 402
65 408
65 411
65 412
65 413
67 1
67 2
67 5
67 6
67 11
67 26
67 50
67 57
67 71
67 99
67 105
67 108
67 115
67 116
67 148
67 159
67 166
67 177
67 183
67 189
67 192
67 203
67 216
67 226
67 230
67 237
67 256
67 271
67 272
67 275
67 370
67 381
67 388
67 391
67 393
67 396
67 414
67 415
68 32
68 40
68 43
68 69
68 83
68 84
68 100
68 117
68 134
68 149
68 159
68 169
68 174
68 175
68 190
68 206
68 232
68 236
68 237
68 274
68 291
68 297
68 300
68 318
68 321
68 322
68 325
68 326
68 370
68 393
69 25
69 32
69 40
69 43
69 68
69 83
69 84
69 100
69 117
69 134
69 149
69 159
69 169
69 174
69 175
69 190
69 206
69 232
69 236
69 274
69 291
69 297
69 300
69 318
69 321
69 322
69 325
69 326
69 353
69 370
69 393
70 2
70 5
70 6
70 13
70 51
70 65
70 108
70 112
70 136
70 138
70 184
70 189
70 192
70 203
70 251
70 256
70 275
70 279
70 303
71 2
71 5
71 6
71 11
71 38
71 50
71 57
71 64
71 67
71 75
71 99
71 105
71 115
71 127
71 148
71 159
71 166
71 177
71 181
71 189
71 203
71 226
71 230
71 246
71 256
71 271
71 272
71 275
71 286
71 308
71 362
71 370
71 391
71 393
71 398
71 400
71 408
71 414
71 415
72 1
72 2
72 5
72 6
72 8
72 11
72 13
72 14
72 15
72 19
72 20
72 21
72 22
72 26
72 27
72 35
72 38
72 39
72 41
72 42
72 48
72 51
72 54
72 55
72 56
72 59
72 62
72 64
72 65
72 74
72 75
72 78
72 80
72 81
72 86
72 89
72 94
72 95
72 96
72 98
72 101
72 102
72 103
72 108
72 109
72 110
72 112
72 116
72 119
72 122
72 126
72 127
72 131
72 135
72 139
72 142
72 143
72 146
72 150
72 158
72 160
72 165
72 172
72 179
72 181
72 184
72 187
72 189
72 192
72 194
72 196
72 198
72 199
72 203
72 211
72 216
72 223
72 228
72 229
72 235
72 246
72 250
72 251
72 256
72 258
72 260
72 261
72 263
72 264
72 267
72 268
72 275
72 280
72 282
72 286
72 289
72 290
72 296
72 302
72 303
72 305
72 306
72 307
72 308
72 312
72 313
72 319
72 329
72 334
72 335
72 341
72 343
72 347
72 348
72 350
72 354
72 356
72 357
72 358
72 362
72 363
72 364
72 366
72 373
72 382
72 386
72 388
72 389
72 391
72 392
72 394
72 398
72 400
72 402
72 403
72 407
72 408
72 409
72 411
72 414
72 417
72 419
74 2
74 5
74 6
74 8
74 11
74 14
74 15
74 19
74 20
74 21
74 22
74 27
74 35
74 38
74 39
74 42
74 48
74 51
74 54
74 55
74 56
74 59
74 62
74 64
74 72
74 75
74 78
74 80
74 81
74 89
74 94
74 96
74 98
74 101
74 103
74 108
74 109
74 110
74 111
74 112
74 119
74 122
74 127
74 131
74 139
74 143
74 146
74 150
74 152
74 165
74 179
74 181
74 184
74 187
74 189
74 192
74 196
74 198
74 199
74 211
74 223
74 228
74 229
74 231
74 246
74 251
74 256
74 258
74 260
74 261
74 264
74 268
74 275
74 280
74 282
74 286
74 289
74 290
74 293
74 295
74 296
74 302
74 303
74 305
74 306
74 307
74 308
74 312
74 313
74 319
74 334
74 336
74 341
74 343
74 348
74 350
74 355
74 356
74 357
74 362
74 363
74 364
74 366
74 373
74 382
74 386
74 391
74 392
74 394
74 398
74 400
74 402
74 403
74 407
74 408
74 411
74 414
74 417
75 1
75 2
75 5
75 6
75 8
75 11
75 13
75 14
75 15
75 19
75 20
75 21
75 22
75 26
75 27
75 33
75 35
75 38
75 39
75 41
75 42
75 48
75 50
75 51
75 54
75 55
75 56
75 57
75 58
75 59
75 62
75 63
75 64
75 65
75 71
75 72
75 74
75 78
75 80
75 81
75 85
75 86
75 89
75 94
75 96
75 98
75 99
75 101
75 102
75 103
75 108
75 109
75 110
75 111
75 112
75 116
75 119
75 122
75 126
75 127
75 128
75 131
75 135
75 136
75 138
75 139
75 142
75 143
75 146
75 148
75 150
75 152
75 158
75 159
75 160
75 165
75 166
75 172
75 179
75 181
75 183
75 184
75 186
75 187
75 188
75 189
75 192
75 194
75 196
75 198
75 199
75 203
75 211
75 214
75 216
75 217
75 223
75 228
75 229
75 230
75 231
75 235
75 241
75 246
75 250
75 251
75 255
75 256
75 258
75 260
75 261
75 263
75 264
75 267
75 268
75 271
75 275
75 277
75 279
75 280
75 282
75 286
75 289
75 290
75 293
75 295
75 296
75 302
75 303
75 305
75 306
75 307
75 308
75 312
75 313
75 319
75 328
75 329
75 330
75 332
75 334
75 335
75 336
75 341
75 342
75 343
75 347
75 348
75 350
75 353
75 354
75 355
75 356
75 357
75 358
75 362
75 363
75 364
75 366
75 370
75 373
75 375
75 381
75 382
75 386
75 388
75 389
75 391
75 392
75 393
75 394
75 395
75 398
75 400
75 402
75 403
75 407
75 408
75 409
75 411
75 412
75 413
75 414
75 417
77 2
77 5
77 6
77 13
77 29
77 51
77 65
77 108
77 112
77 132
77 168
77 170
77 184
77 189
77 192
77 220
77 251
77 252
77 256
77 275
77 279
77 303
77 310
77 338
78 1
78 2
78 5
78 6
78 8
78 11
78 14
78 15
78 19
78 20
78 21
78 22
78 26
78 27
78 35
78 38
78 39
78 41
78 42
78 48
78 54
78 55
78 56
78 59
78 62
78 64
78 72
78 74
78 75
78 80
78 81
78 85
78 86
78 89
78 94
78 96
78 98
78 99
78 101
78 102
78 103
78 108
78 109
78 110
78 111
78 116
78 119
78 122
78 127
78 131
78 135
78 136
78 139
78 142
78 143
78 146
78 148
78 150
78 152
78 158
78 165
78 179
78 181
78 183
78 184
78 186
78 187
78 189
78 192
78 198
78 199
78 203
78 211
78 214
78 216
78 223
78 228
78 231
78 235
78 241
78 246
78 250
78 255
78 256
78 258
78 260
78 261
78 263
78 264
78 267
78 268
78 275
78 280
78 282
78 286
78 293
78 295
78 296
78 303
78 305
78 306
78 307
78 308
78 312
78 313
78 319
78 328
78 329
78 334
78 335
78 341
78 343
78 347
78 348
78 354
78 356
78 357
78 362
78 363
78 366
78 373
78 382
78 386
78 388
78 389
78 391
78 392
78 394
78 395
78 398
78 400
78 402
78 403
78 407
78 408
78 411
78 414
78 417
80 2
80 5
80 6
80 8
80 11
80 14
80 15
80 19
80 21
80 22
80 35
80 38
80 39
80 41
80 42
80 48
80 54
80 55
80 56
80 59
80 62
80 64
80 72
80 74
80 75
80 78
80 86
80 89
80 96
80 98
80 101
80 102
80 103
80 108
80 109
80 110
80 119
80 122
80 126
80 127
80 131
80 135
80 139
80 142
80 143
80 146
80 150
80 158
80 160
80 165
80 172
80 179
80 181
80 184
80 187
80 189
80 192
80 194
80 198
80 199
80 211
80 223
80 228
80 229
80 246
80 250
80 256
80 260
80 261
80 263
80 264
80 268
80 275
80 280
80 286
80 296
80 302
80 303
80 305
80 306
80 308
80 312
80 313
80 319
80 335
80 341
80 343
80 348
80 356
80 357
80 358
80 362
80 364
80 366
80 382
80 386
80 389
80 391
80 392
80 394
80 398
80 400
80 402
80 403
80 409
80 411
80 417
81 2
81 5
81 6
81 8
81 11
81 14
81 15
81 19
81 20
81 21
81 22
81 35
81 38
81 42
81 48
81 54
81 56
81 59
81 62
81 64
81 72
81 74
81 75
81 78
81 85
81 89
81 94
81 98
81 101
81 103
81 108
81 110
81 111
81 127
81 143
81 150
81 152
81 165
81 179
81 181
81 184
81 189
81 192
81 198
81 199
81 211
81 223
81 231
81 246
81 255
81 256
81 258
81 260
81 261
81 267
81 268
81 275
81 280
81 286
81 293
81 295
81 296
81 303
81 305
81 306
81 307
81 308
81 312
81 328
81 329
81 341
81 343
81 348
81 356
81 357
81 362
81 363
81 366
81 373
81 382
81 391
81 394
81 398
81 400
81 402
81 407
81 408
81 411
83 25
83 32
83 40
83 43
83 68
83 69
83 84
83 100
83 117
83 134
83 149
83 169
83 174
83 175
83 190
83 206
83 232
83 236
83 274
83 291
83 297
83 300
83 318
83 321
83 322
83 325
83 326
83 370
84 32
84 40
84 43
84 68
84 69
84 83
84 100
84 117
84 134
84 149
84 159
84 169
84 174
84 175
84 190
84 206
84 232
84 236
84 237
84 274
84 291
84 297
84 300
84 318
84 321
84 322
84 325
84 326
84 370
84 393
85 2
85 5
85 6
85 8
85 11
85 14
85 15
85 35
85 38
85 42
85 54
85 62
85 64
85 75
85 78
85 81
85 89
85 94
85 98
85 101
85 103
85 127
85 150
85 181
85 198
85 223
85 246
85 256
85 258
85 286
85 296
85 305
85 308
85 312
85 356
85 391
85 398
85 400
85 411
86 8
86 21
86 22
86 38
86 39
86 41
86 42
86 48
86 54
86 55
86 56
86 59
86 62
86 64
86 72
86 75
86 78
86 80
86 89
86 96
86 98
86 102
86 110
86 119
86 122
86 126
86 127
86 131
86 135
86 139
86 142
86 143
86 146
86 150
86 158
86 160
86 179
86 181
86 187
86 198
86 199
86 211
86 223
86 228
86 246
86 260
86 261
86 264
86 268
86 280
86 286
86 296
86 305
86 306
86 319
86 335
86 341
86 343
86 348
86 356
86 357
86 358
86 366
86 382
86 386
86 392
86 394
86 398
86 400
86 402
86 403
86 409
86 411
86 417
87 13
87 51
87 65
87 108
87 112
87 168
87 170
87 184
87 189
87 220
87 248
87 251
87 275
87 279
87 303
87 338
88 58
88 61
88 63
88 120
88 153
88 155
88 180
88 188
88 197
88 215
88 217
88 218
88 285
88 330
88 333
88 339
88 344
88 351
88 377
88 404
89 1
89 2
89 5
89 6
89 8
89 11
89 13
89 14
89 15
89 19
89 20
89 21
89 22
89 26
89 27
89 33
89 35
89 38
89 39
89 41
89 42
89 48
89 50
89 51
89 54
89 55
89 56
89 57
89 58
89 59
89 62
89 63
89 64
89 65
89 72
89 74
89 75
89 78
89 80
89 81
89 85
89 86
89 94
89 96
89 98
89 99
89 101
89 102
89 103
89 108
89 109
89 110
89 111
89 112
89 116
89 119
89 122
89 127
89 131
89 135
89 136
89 138
89 139
89 142
89 143
89 146
89 148
89 150
89 152
89 158
89 159
89 165
89 166
89 179
89 181
89 183
89 184
89 186
89 187
89 188
89 189
89 192
89 196
89 198
89 199
89 203
89 211
89 214
89 216
89 223
89 228
89 229
89 230
89 231
89 235
89 241
89 246
89 250
89 251
89 255
89 256
89 258
89 260
89 261
89 263
89 264
89 267
89 268
89 271
89 275
89 277
89 279
89 280
89 282
89 286
89 289
89 290
89 293
89 295
89 296
89 302
89 303
89 305
89 306
89 307
89 308
89 312
89 313
89 319
89 328
89 329
89 330
89 332
89 334
89 341
89 342
89 343
89 347
89 348
89 350
89 354
89 356
89 357
89 362
89 363
89 364
89 366
89 373
89 375
89 381
89 382
89 386
89 388
89 389
89 391
89 392
89 394
89 395
89 398
89 400
89 402
89 403
89 407
89 408
89 411
89 413
89 414
89 417
91 2
91 5
91 6
91 64
91 65
91 108
91 127
91 184
91 189
91 192
91 216
91 256
91 275
91 303
94 2
94 5
94 6
94 8
94 11
94 14
94 15
94 19
94 20
94 21
94 22
94 27
94 35
94 38
94 39
94 42
94 48
94 54
94 56
94 59
94 62
94 64
94 72
94 74
94 75
94 78
94 81
94 85
94 89
94 96
94 98
94 101
94 103
94 108
94 109
94 110
94 111
94 119
94 127
94 131
94 139
94 143
94 146
94 150
94 165
94 179
94 181
94 187
94 198
94 199
94 211
94 223
94 231
94 246
94 256
94 258
94 260
94 261
94 264
94 267
94 268
94 275
94 280
94 282
94 286
94 293
94 295
94 296
94 305
94 306
94 307
94 308
94 312
94 313
94 319
94 329
94 334
94 341
94 343
94 348
94 356
94 357
94 362
94 363
94 366
94 373
94 382
94 391
94 392
94 394
94 398
94 400
94 402
94 403
94 407
94 408
94 411
94 417
95 8
95 21
95 62
95 72
95 110
95 261
95 306
95 343
95 382
95 402
95 417
96 2
96 5
96 6
96 8
96 11
96 14
96 15
96 20
96 21
96 22
96 27
96 35
96 38
96 39
96 41
96 42
96 48
96 54
96 55
96 56
96 59
96 62
96 64
96 72
96 74
96 75
96 78
96 80
96 86
96 89
96 94
96 98
96 101
96 102
96 103
96 109
96 110
96 119
96 122
96 126
96 127
96 131
96 135
96 139
96 142
96 143
96 146
96 150
96 158
96 160
96 165
96 172
96 179
96 181
96 187
96 194
96 198
96 199
96 211
96 223
96 228
96 246
96 250
96 256
96 260
96 261
96 263
96 264
96 267
96 268
96 275
96 280
96 282
96 286
96 296
96 305
96 306
96 307
96 308
96 312
96 313
96 319
96 329
96 334
96 335
96 341
96 343
96 348
96 356
96 357
96 358
96 362
96 366
96 373
96 382
96 386
96 389
96 391
96 392
96 394
96 398
96 400
96 402
96 403
96 408
96 409
96 411
96 414
96 417
98 1
98 2
98 5
98 6
98 8
98 11
98 13
98 14
98 15
98 19
98 20
98 21
98 22
98 26
98 27
98 33
98 35
98 38
98 39
98 41
98 42
98 48
98 50
98 51
98 54
98 55
98 56
98 57
98 58
98 59
98 62
98 63
98 64
98 65
98 72
98 74
98 75
98 78
98 80
98 81
98 85
98 86
98 89
98 94
98 96
98 99
98 101
98 102
98 103
98 108
98 109
98 110
98 111
98 112
98 116
98 119
98 122
98 126
98 127
98 128
98 131
98 135
98 136
98 138
98 139
98 142
98 143
98 146
98 148
98 150
98 152
98 158
98 159
98 160
98 165
98 166
98 172
98 177
98 179
98 181
98 183
98 184
98 186
98 187
98 188
98 189
98 192
98 194
98 196
98 197
98 198
98 199
98 203
98 211
98 214
98 216
98 217
98 223
98 228
98 229
98 230
98 231
98 232
98 235
98 239
98 241
98 246
98 250
98 251
98 255
98 256
98 258
98 260
98 261
98 263
98 264
98 267
98 268
98 271
98 275
98 277
98 279
98 280
98 282
98 285
98 286
98 289
98 290
98 293
98 295
98 296
98 302
98 303
98 305
98 306
98 307
98 308
98 312
98 313
98 319
98 328
98 329
98 330
98 332
98 334
98 335
98 336
98 341
98 342
98 343
98 347
98 348
98 350
98 353
98 354
98 355
98 356
98 357
98 358
98 362
98 363
98 364
98 366
98 370
98 373
98 375
98 381
98 382
98 386
98 387
98 388
98 389
98 391
98 392
98 393
98 394
98 395
98 398
98 400
98 402
98 403
98 407
98 408
98 409
98 411
98 412
98 413
98 414
98 415
98 417
99 1
99 2
99 5
99 6
99 8
99 11
99 15
99 21
99 22
99 25
99 26
99 38
99 42
99 48
99 51
99 54
99 56
99 62
99 64
99 65
99 67
99 71
99 75
99 78
99 89
99 98
99 105
99 108
99 110
99 112
99 115
99 116
99 127
99 136
99 143
99 148
99 150
99 159
99 173
99 177
99 179
99 181
99 183
99 184
99 186
99 189
99 192
99 198
99 199
99 203
99 211
99 216
99 226
99 230
99 235
99 237
99 241
99 246
99 251
99 256
99 260
99 266
99 267
99 268
99 270
99 271
99 275
99 280
99 281
99 286
99 299
99 303
99 305
99 308
99 312
99 325
99 341
99 343
99 347
99 348
99 354
99 356
99 357
99 362
99 366
99 370
99 375
99 381
99 382
99 387
99 388
99 391
99 393
99 394
99 396
99 398
99 400
99 402
99 408
99 414
100 32
100 40
100 43
100 68
100 69
100 83
100 84
100 117
100 134
100 149
100 159
100 169
100 174
100 175
100 190
100 206
100 232
100 236
100 237
100 274
100 291
100 297
100 300
100 318
100 321
100 322
100 325
100 326
100 353
100 370
100 393
101 2
101 5
101 6
101 8
101 11
101 14
101 15
101 19
101 20
101 21
101 22
101 27
101 35
101 38
101 39
101 41
101 42
101 48
101 54
101 55
101 56
101 59
101 62
101 64
101 72
101 74
101 75
101 78
101 80
101 81
101 85
101 89
101 94
101 96
101 98
101 102
101 103
101 109
101 110
101 119
101 122
101 127
101 131
101 135
101 139
101 142
101 143
101 146
101 150
101 158
101 165
101 179
101 181
101 187
101 189
101 198
101 199
101 211
101 223
101 228
101 246
101 256
101 260
101 261
101 263
101 264
101 268
101 275
101 280
101 282
101 286
101 296
101 305
101 306
101 307
101 308
101 312
101 313
101 319
101 329
101 334
101 335
101 341
101 343
101 348
101 356
101 357
101 362
101 366
101 373
101 382
101 386
101 391
101 392
101 394
101 398
101 400
101 402
101 403
101 407
101 408
101 411
101 414
101 417
102 2
102 5
102 6
102 8
102 14
102 19
102 21
102 22
102 35
102 38
102 39
102 41
102 42
102 48
102 54
102 55
102 56
102 59
102 62
102 64
102 72
102 75
102 78
102 80
102 86
102 89
102 96
102 98
102 101
102 103
102 110
102 119
102 122
102 126
102 127
102 131
102 135
102 139
102 142
102 143
102 146
102 150
102 158
102 160
102 165
102 179
102 181
102 187
102 194
102 198
102 199
102 211
102 223
102 228
102 246
102 250
102 256
102 260
102 261
102 263
102 264
102 268
102 275
102 280
102 286
102 296
102 305
102 306
102 312
102 313
102 319
102 335
102 341
102 343
102 348
102 356
102 357
102 358
102 366
102 382
102 386
102 389
102 392
102 394
102 398
102 400
102 402
102 403
102 409
102 411
102 417
103 1
103 2
103 5
103 6
103 8
103 11
103 14
103 15
103 19
103 20
103 21
103 22
103 26
103 27
103 35
103 38
103 39
103 41
103 42
103 48
103 54
103 55
103 56
103 59
103 62
103 64
103 72
103 74
103 75
103 78
103 80
103 81
103 85
103 89
103 94
103 96
103 98
103 101
103 102
103 108
103 109
103 110
103 111
103 116
103 119
103 122
103 127
103 131
103 135
103 136
103 139
103 142
103 143
103 146
103 150
103 158
103 165
103 179
103 181
103 183
103 187
103 189
103 192
103 198
103 199
103 203
103 211
103 216
103 223
103 228
103 231
103 235
103 246
103 256
103 258
103 260
103 261
103 263
103 264
103 267
103 268
103 275
103 280
103 282
103 286
103 293
103 295
103 296
103 303
103 305
103 306
103 307
103 308
103 312
103 313
103 319
103 329
103 334
103 341
103 343
103 347
103 348
103 356
103 357
103 362
103 363
103 366
103 373
103 382
103 386
103 388
103 391
103 392
103 394
103 395
103 398
103 400
103 402
103 403
103 407
103 408
103 411
103 414
103 417
105 39
105 67
105 71
105 99
105 115
105 148
105 159
105 173
105 177
105 186
105 203
105 214
105 226
105 237
105 266
105 271
105 299
105 325
105 370
105 393
105 396
108 1
108 2
108 3
108 5
108 6
108 8
108 11
108 13
108 14
108 15
108 19
108 20
108 21
108 22
108 23
108 26
108 29
108 31
108 33
108 35
108 38
108 42
108 48
108 50
108 51
108 52
108 54
108 56
108 57
108 58
108 59
108 60
108 61
108 62
108 63
108 64
108 65
108 67
108 70
108 72
108 74
108 75
108 77
108 78
108 80
108 81
108 87
108 89
108 91
108 94
108 98
108 99
108 103
108 110
108 111
108 112
108 115
108 116
108 118
108 127
108 128
108 132
108 136
108 138
108 142
108 143
108 146
108 148
108 150
108 152
108 159
108 165
108 168
108 170
108 173
108 176
108 177
108 179
108 181
108 183
108 184
108 186
108 187
108 188
108 189
108 192
108 196
108 197
108 198
108 199
108 201
108 203
108 211
108 215
108 216
108 217
108 218
108 220
108 223
108 226
108 229
108 230
108 231
108 232
108 235
108 239
108 241
108 246
108 249
108 251
108 252
108 255
108 256
108 258
108 260
108 261
108 264
108 266
108 267
108 268
108 270
108 271
108 275
108 277
108 279
108 280
108 284
108 285
108 286
108 289
108 290
108 293
108 295
108 296
108 299
108 302
108 303
108 305
108 306
108 307
108 308
108 310
108 312
108 313
108 315
108 317
108 319
108 325
108 328
108 329
108 330
108 332
108 333
108 338
108 339
108 341
108 343
108 347
108 348
108 350
108 353
108 354
108 356
108 357
108 362
108 363
108 364
108 366
108 370
108 375
108 381
108 382
108 385
108 387
108 388
108 391
108 393
108 394
108 395
108 396
108 398
108 400
108 402
108 403
108 407
108 408
108 411
108 412
108 413
108 414
108 415
108 417
109 2
109 5
109 6
109 8
109 11
109 14
109 15
109 20
109 21
109 22
109 27
109 35
109 38
109 39
109 41
109 42
109 48
109 54
109 55
109 56
109 59
109 62
109 64
109 72
109 74
109 75
109 78
109 80
109 89
109 94
109 96
109 98
109 101
109 103
109 110
109 119
109 122
109 127
109 131
109 135
109 139
109 142
109 143
109 146
109 150
109 158
109 165
109 179
109 181
109 187
109 198
109 199
109 211
109 223
109 228
109 246
109 256
109 260
109 261
109 263
109 264
109 267
109 268
109 275
109 280
109 282
109 286
109 296
109 305
109 306
109 308
109 312
109 313
109 319
109 329
109 334
109 335
109 341
109 343
109 348
109 356
109 357
109 362
109 366
109 373
109 382
109 386
109 391
109 392
109 394
109 398
109 400
109 402
109 403
109 408
109 411
109 417
110 1
110 2
110 5
110 6
110 8
110 11
110 13
110 14
110 15
110 19
110 20
110 21
110 22
110 26
110 27
110 33
110 35
110 38
110 39
110 41
110 42
110 48
110 50
110 51
110 54
110 55
110 56
110 58
110 59
110 62
110 63
110 64
110 65
110 72
110 74
110 75
110 78
110 80
110 81
110 86
110 89
110 94
110 95
110 96
110 98
110 99
110 101
110 102
110 103
110 108
110 109
110 111
110 112
110 116
110 119
110 122
110 126
110 127
110 128
110 131
110 135
110 136
110 138
110 139
110 142
110 143
110 146
110 148
110 150
110 152
110 158
110 159
110 160
110 165
110 172
110 179
110 181
110 183
110 184
110 186
110 187
110 188
110 189
110 192
110 194
110 196
110 198
110 199
110 203
110 211
110 216
110 217
110 223
110 228
110 229
110 230
110 231
110 235
110 241
110 246
110 250
110 251
110 255
110 256
110 258
110 260
110 261
110 263
110 264
110 267
110 268
110 271
110 275
110 277
110 279
110 280
110 282
110 286
110 289
110 290
110 293
110 295
110 296
110 302
110 303
110 305
110 306
110 307
110 308
110 312
110 313
110 319
110 328
110 329
110 330
110 332
110 334
110 335
110 336
110 341
110 342
110 343
110 347
110 348
110 350
110 353
110 354
110 355
110 356
110 357
110 358
110 362
110 363
110 364
110 366
110 373
110 375
110 381
110 382
110 386
110 388
110 389
110 391
110 392
110 393
110 394
110 395
110 398
110 400
110 402
110 403
110 407
110 408
110 409
110 411
110 413
110 414
110 417
111 2
111 5
111 6
111 8
111 11
111 14
111 15
111 19
111 20
111 21
111 22
111 35
111 38
111 42
111 48
111 50
111 54
111 56
111 62
111 64
111 74
111 75
111 78
111 81
111 89
111 94
111 98
111 103
111 108
111 110
111 127
111 143
111 150
111 152
111 179
111 181
111 184
111 189
111 192
111 198
111 199
111 211
111 223
111 231
111 246
111 255
111 256
111 258
111 260
111 267
111 268
111 275
111 280
111 286
111 293
111 303
111 305
111 306
111 307
111 308
111 312
111 341
111 343
111 348
111 356
111 357
111 362
111 363
111 366
111 382
111 391
111 394
111 398
111 400
111 402
111 407
111 408
111 411
112 1
112 2
112 3
112 5
112 6
112 8
112 11
112 13
112 14
112 19
112 21
112 22
112 23
112 25
112 26
112 29
112 31
112 33
112 38
112 42
112 46
112 48
112 50
112 51
112 52
112 54
112 56
112 57
112 58
112 59
112 60
112 61
112 62
112 63
112 64
112 65
112 70
112 72
112 74
112 75
112 77
112 87
112 89
112 98
112 99
112 108
112 110
112 115
112 116
112 117
112 118
112 127
112 128
112 130
112 132
112 136
112 138
112 143
112 148
112 150
112 152
112 153
112 159
112 168
112 170
112 173
112 176
112 177
112 179
112 181
112 183
112 184
112 188
112 189
112 192
112 196
112 197
112 198
112 199
112 203
112 207
112 211
112 215
112 216
112 217
112 218
112 220
112 223
112 226
112 229
112 230
112 232
112 235
112 239
112 241
112 246
112 248
112 249
112 251
112 252
112 256
112 260
112 261
112 264
112 266
112 268
112 271
112 275
112 277
112 279
112 280
112 281
112 284
112 285
112 286
112 289
112 290
112 296
112 299
112 302
112 303
112 305
112 306
112 308
112 310
112 312
112 315
112 317
112 319
112 325
112 327
112 330
112 332
112 333
112 338
112 339
112 341
112 343
112 344
112 347
112 348
112 349
112 350
112 351
112 353
112 354
112 356
112 357
112 362
112 363
112 364
112 366
112 370
112 375
112 377
112 381
112 382
112 385
112 387
112 388
112 391
112 393
112 394
112 398
112 400
112 402
112 404
112 408
112 411
112 412
112 413
112 414
115 1
115 2
115 5
115 6
115 25
115 26
115 40
115 51
115 57
115 65
115 67
115 71
115 99
115 105
115 108
115 112
115 116
115 148
115 159
115 165
115 166
115 173
115 177
115 183
115 184
115 186
115 189
115 192
115 203
115 216
115 226
115 230
115 235
115 237
115 251
115 256
115 266
115 270
115 271
115 275
115 281
115 299
115 303
115 317
115 325
115 347
115 354
115 370
115 381
115 387
115 388
115 393
115 396
115 408
115 414
115 415
116 1
116 2
116 5
116 6
116 8
116 11
116 13
116 15
116 21
116 22
116 26
116 38
116 42
116 48
116 50
116 51
116 54
116 56
116 57
116 59
116 62
116 64
116 65
116 67
116 72
116 75
116 78
116 89
116 98
116 99
116 103
116 108
116 110
116 112
116 115
116 127
116 136
116 138
116 143
116 148
116 150
116 159
116 166
116 177
116 179
116 181
116 183
116 184
116 186
116 189
116 192
116 198
116 199
116 203
116 211
116 216
116 223
116 226
116 230
116 235
116 241
116 246
116 251
116 256
116 260
116 261
116 266
116 267
116 268
116 270
116 271
116 275
116 279
116 280
116 286
116 296
116 299
116 303
116 305
116 306
116 308
116 312
116 319
116 332
116 341
116 343
116 347
116 348
116 354
116 356
116 357
116 362
116 366
116 375
116 381
116 382
116 387
116 388
116 391
116 393
116 394
116 396
116 398
116 400
116 402
116 408
116 411
116 412
116 414
116 415
116 417
117 32
117 40
117 43
117 58
117 63
117 68
117 69
117 83
117 84
117 100
117 112
117 134
117 149
117 169
117 173
117 174
117 175
117 188
117 206
117 215
117 217
117 232
117 236
117 237
117 274
117 277
117 285
117 291
117 297
117 300
117 318
117 321
117 322
117 326
117 330
117 353
117 370
118 13
118 65
118 108
118 112
118 168
118 184
118 189
118 249
118 251
118 275
118 279
118 303
119 2
119 5
119 6
119 8
119 11
119 14
119 15
119 19
119 20
119 21
119 22
119 27
119 35
119 38
119 39
119 41
119 42
119 48
119 54
119 55
119 56
119 59
119 62
119 64
119 72
119 74
119 75
119 78
119 80
119 86
119 89
119 94
119 96
119 98
119 101
119 102
119 103
119 109
119 110
119 122
119 126
119 127
119 131
119 135
119 139
119 142
119 143
119 146
119 150
119 158
119 165
119 179
119 181
119 184
119 187
119 189
119 198
119 199
119 211
119 223
119 228
119 246
119 256
119 260
119 261
119 263
119 264
119 268
119 275
119 280
119 282
119 286
119 289
119 296
119 305
119 306
119 307
119 308
119 312
119 313
119 319
119 329
119 334
119 335
119 341
119 343
119 348
119 350
119 356
119 357
119 362
119 366
119 373
119 382
119 386
119 391
119 392
119 394
119 398
119 400
119 402
119 403
119 407
119 408
119 411
119 417
120 18
120 58
120 61
120 63
120 88
120 123
120 153
120 155
120 180
120 188
120 197
120 215
120 217
120 218
120 232
120 245
120 285
120 330
120 333
120 337
120 339
120 344
120 351
120 377
120 404
121 61
121 123
121 155
121 197
121 217
121 262
121 333
121 339
121 404
122 2
122 5
122 6
122 8
122 11
122 14
122 15
122 19
122 21
122 22
122 35
122 38
122 39
122 41
122 42
122 48
122 54
122 55
122 56
122 59
122 62
122 64
122 72
122 74
122 75
122 78
122 80
122 86
122 89
122 96
122 98
122 101
122 102
122 103
122 109
122 110
122 119
122 126
122 127
122 131
122 135
122 139
122 142
122 143
122 146
122 150
122 158
122 160
122 165
122 179
122 181
122 187
122 194
122 196
122 198
122 199
122 211
122 223
122 228
122 246
122 250
122 256
122 260
122 261
122 263
122 264
122 268
122 275
122 280
122 286
122 290
122 296
122 305
122 306
122 308
122 312
122 313
122 319
122 335
122 341
122 343
122 348
122 356
122 357
122 358
122 362
122 366
122 382
122 386
122 389
122 392
122 394
122 398
122 400
122 402
122 403
122 409
122 411
122 414
122 417
123 7
123 58
123 61
123 63
123 120
123 121
123 153
123 155
123 180
123 182
123 188
123 197
123 215
123 217
123 218
123 245
123 277
123 330
123 333
123 339
123 344
123 351
123 377
123 404
125 37
126 8
126 21
126 22
126 38
126 41
126 42
126 48
126 54
126 55
126 56
126 59
126 62
126 64
126 72
126 75
126 80
126 86
126 96
126 98
126 102
126 110
126 119
126 122
126 127
126 131
126 135
126 142
126 143
126 146
126 150
126 158
126 160
126 172
126 179
126 181
126 187
126 198
126 199
126 211
126 223
126 228
126 246
126 250
126 260
126 261
126 264
126 268
126 280
126 286
126 296
126 305
126 306
126 319
126 335
126 341
126 343
126 348
126 356
126 357
126 358
126 366
126 382
126 386
126 389
126 392
126 394
126 398
126 400
126 402
126 403
126 409
126 411
126 417
127 1
127 2
127 5
127 6
127 8
127 11
127 13
127 14
127 15
127 19
127 20
127 21
127 22
127 23
127 26
127 27
127 31
127 33
127 35
127 38
127 39
127 41
127 42
127 48
127 50
127 51
127 54
127 55
127 56
127 57
127 58
127 59
127 62
127 63
127 64
127 65
127 71
127 72
127 74
127 75
127 78
127 80
127 81
127 85
127 86
127 89
127 91
127 94
127 96
127 98
127 99
127 101
127 102
127 103
127 108
127 109
127 110
127 111
127 112
127 116
127 119
127 122
127 126
127 128
127 131
127 135
127 136
127 138
127 139
127 142
127 143
127 146
127 148
127 150
127 152
127 158
127 159
127 160
127 165
127 166
127 179
127 181
127 183
127 184
127 186
127 187
127 188
127 189
127 192
127 196
127 198
127 199
127 203
127 211
127 214
127 216
127 217
127 223
127 226
127 228
127 229
127 230
127 231
127 235
127 241
127 246
127 250
127 251
127 255
127 256
127 258
127 260
127 261
127 263
127 264
127 267
127 268
127 271
127 275
127 277
127 279
127 280
127 282
127 286
127 289
127 290
127 293
127 295
127 296
127 299
127 302
127 303
127 305
127 306
127 307
127 308
127 312
127 313
127 317
127 319
127 328
127 329
127 330
127 332
127 341
127 342
127 343
127 347
127 348
127 350
127 353
127 354
127 356
127 357
127 358
127 362
127 363
127 364
127 366
127 370
127 373
127 375
127 381
127 382
127 386
127 387
127 388
127 389
127 391
127 392
127 393
127 394
127 395
127 398
127 400
127 402
127 403
127 407
127 408
127 411
127 412
127 413
127 414
127 415
127 417
128 2
128 3
128 5
128 6
128 13
128 19
128 21
128 22
128 23
128 31
128 33
128 38
128 42
128 46
128 48
128 51
128 52
128 54
128 56
128 58
128 60
128 61
128 62
128 63
128 64
128 65
128 75
128 98
128 108
128 110
128 112
128 127
128 143
128 179
128 181
128 184
128 188
128 189
128 192
128 197
128 199
128 207
128 211
128 217
128 232
128 239
128 251
128 256
128 260
128 268
128 275
128 277
128 279
128 280
128 285
128 303
128 306
128 312
128 315
128 325
128 327
128 330
128 332
128 333
128 341
128 343
128 348
128 353
128 357
128 366
128 370
128 382
128 394
128 400
128 412
128 413
130 3
130 23
130 25
130 31
130 33
130 40
130 51
130 58
130 112
130 173
130 192
130 207
130 237
130 251
130 266
130 275
130 281
130 315
130 327
130 330
130 349
130 413
131 2
131 5
131 6
131 8
131 11
131 14
131 15
131 19
131 20
131 21
131 22
131 27
131 35
131 38
131 39
131 41
131 42
131 48
131 54
131 55
131 56
131 59
131 62
131 64
131 72
131 74
131 75
131 78
131 80
131 86
131 89
131 94
131 96
131 98
131 101
131 102
131 103
131 109
131 110
131 119
131 122
131 126
131 127
131 135
131 139
131 142
131 143
131 146
131 150
131 158
131 165
131 179
131 181
131 187
131 198
131 199
131 211
131 223
131 228
131 246
131 250
131 256
131 260
131 261
131 263
131 264
131 268
131 275
131 280
131 282
131 286
131 296
131 305
131 306
131 307
131 308
131 312
131 313
131 319
131 329
131 334
131 335
131 341
131 343
131 348
131 356
131 357
131 358
131 362
131 366
131 373
131 382
131 386
131 389
131 391
131 392
131 394
131 398
131 400
131 402
131 403
131 408
131 411
131 414
131 417
132 5
132 6
132 13
132 29
132 51
132 65
132 77
132 108
132 112
132 136
132 168
132 184
132 189
132 192
132 220
132 249
132 251
132 252
132 256
132 275
132 279
132 303
132 310
132 385
133 180
133 197
134 32
134 40
134 43
134 68
134 69
134 83
134 84
134 100
134 117
134 149
134 159
134 169
134 174
134 175
134 190
134 206
134 236
134 237
134 274
134 291
134 297
134 300
134 318
134 321
134 322
134 325
134 326
134 370
134 393
135 5
135 6
135 8
135 14
135 21
135 22
135 35
135 38
135 39
135 41
135 42
135 48
135 54
135 55
135 56
135 59
135 62
135 64
135 72
135 75
135 78
135 80
135 86
135 89
135 96
135 98
135 101
135 102
135 103
135 109
135 110
135 119
135 122
135 126
135 127
135 131
135 139
135 142
135 143
135 146
135 150
135 158
135 160
135 165
135 172
135 179
135 181
135 187
135 194
135 198
135 199
135 211
135 223
135 228
135 246
135 250
135 260
135 261
135 263
135 264
135 268
135 275
135 280
135 286
135 296
135 305
135 306
135 313
135 319
135 335
135 341
135 343
135 348
135 356
135 357
135 358
135 366
135 367
135 382
135 386
135 389
135 392
135 394
135 398
135 400
135 402
135 403
135 409
135 411
135 417
135 419
136 1
136 2
136 5
136 6
136 8
136 11
136 13
136 15
136 19
136 21
136 22
136 26
136 38
136 42
136 48
136 51
136 54
136 56
136 58
136 62
136 64
136 65
136 70
136 75
136 78
136 89
136 98
136 99
136 103
136 108
136 110
136 112
136 116
136 127
136 132
136 138
136 143
136 148
136 150
136 159
136 179
136 181
136 183
136 184
136 189
136 192
136 198
136 199
136 203
136 211
136 216
136 223
136 235
136 241
136 246
136 251
136 256
136 260
136 267
136 268
136 275
136 279
136 280
136 286
136 296
136 303
136 305
136 306
136 308
136 312
136 319
136 332
136 341
136 343
136 347
136 348
136 354
136 356
136 357
136 366
136 375
136 382
136 388
136 391
136 393
136 394
136 396
136 398
136 400
136 402
136 408
136 411
136 412
138 1
138 2
138 5
138 6
138 11
138 13
138 21
138 22
138 26
138 38
138 42
138 48
138 51
138 54
138 56
138 64
138 65
138 70
138 75
138 89
138 98
138 108
138 110
138 112
138 116
138 127
138 136
138 143
138 148
138 159
138 179
138 181
138 183
138 184
138 189
138 192
138 199
138 203
138 211
138 216
138 235
138 241
138 246
138 251
138 256
138 260
138 268
138 275
138 279
138 280
138 286
138 303
138 305
138 308
138 312
138 332
138 341
138 343
138 347
138 348
138 354
138 356
138 357
138 366
138 375
138 387
138 388
138 391
138 393
138 394
138 398
138 400
138 402
138 412
139 2
139 5
139 6
139 8
139 11
139 14
139 15
139 19
139 20
139 21
139 22
139 27
139 35
139 38
139 39
139 41
139 42
139 48
139 54
139 55
139 56
139 59
139 62
139 64
139 72
139 74
139 75
139 78
139 80
139 86
139 89
139 94
139 96
139 98
139 101
139 102
139 103
139 109
139 110
139 119
139 122
139 127
139 131
139 135
139 142
139 143
139 146
139 150
139 158
139 165
139 177
139 179
139 181
139 184
139 186
139 187
139 189
139 192
139 198
139 199
139 211
139 214
139 223
139 226
139 228
139 246
139 250
139 256
139 260
139 261
139 263
139 264
139 266
139 268
139 275
139 280
139 282
139 286
139 289
139 295
139 296
139 305
139 306
139 307
139 308
139 312
139 313
139 319
139 329
139 334
139 335
139 341
139 343
139 348
139 350
139 356
139 357
139 362
139 366
139 373
139 382
139 386
139 389
139 391
139 392
139 394
139 396
139 398
139 400
139 402
139 403
139 408
139 411
139 414
139 417
141 18
141 58
141 188
141 195
141 217
141 259
141 269
141 294
141 304
141 337
141 339
141 340
141 346
141 351
141 352
141 377
142 2
142 5
142 6
142 8
142 11
142 14
142 15
142 19
142 21
142 22
142 35
142 38
142 39
142 41
142 42
142 48
142 54
142 55
142 56
142 59
142 62
142 64
142 72
142 75
142 78
142 80
142 86
142 89
142 96
142 98
142 101
142 102
142 103
142 108
142 109
142 110
142 119
142 122
142 126
142 127
142 131
142 135
142 139
142 143
142 146
142 150
142 158
142 160
142 165
142 172
142 179
142 181
142 184
142 187
142 189
142 192
142 194
142 198
142 199
142 211
142 223
142 228
142 246
142 250
142 256
142 260
142 261
142 263
142 264
142 268
142 275
142 280
142 286
142 296
142 303
142 305
142 306
142 308
142 312
142 313
142 319
142 335
142 341
142 343
142 348
142 356
142 357
142 358
142 362
142 366
142 367
142 382
142 386
142 389
142 391
142 392
142 394
142 398
142 400
142 402
142 403
142 409
142 411
142 417
142 419
143 1
143 2
143 5
143 6
143 8
143 11
143 13
143 14
143 15
143 19
143 20
143 21
143 22
143 26
143 27
143 33
143 35
143 38
143 39
143 41
143 42
143 48
143 50
143 51
143 54
143 55
143 56
143 58
143 59
143 62
143 63
143 64
143 65
143 72
143 74
143 75
143 78
143 80
143 81
143 86
143 89
143 94
143 96
143 98
143 99
143 101
143 102
143 103
143 108
143 109
143 110
143 111
143 112
143 116
143 119
143 122
143 126
143 127
143 128
143 131
143 135
143 136
143 138
143 139
143 142
143 146
143 148
143 150
143 152
143 158
143 159
143 160
143 165
143 172
143 179
143 181
143 183
143 184
143 186
143 187
143 188
143 189
143 192
143 194
143 196
143 198
143 199
143 203
143 211
143 214
143 216
143 217
143 223
143 228
143 229
143 230
143 231
143 235
143 241
143 246
143 250
143 251
143 255
143 256
143 258
143 260
143 261
143 263
143 264
143 267
143 268
143 271
143 275
143 277
143 279
143 280
143 282
143 286
143 289
143 290
143 293
143 295
143 296
143 302
143 303
143 305
143 306
143 307
143 308
143 312
143 313
143 319
143 328
143 329
143 330
143 332
143 334
143 335
143 336
143 341
143 342
143 343
143 347
143 348
143 350
143 353
143 354
143 355
143 356
143 357
143 358
143 362
143 363
143 364
143 366
143 373
143 375
143 381
143 382
143 386
143 388
143 389
143 391
143 392
143 393
143 394
143 395
143 398
143 400
143 402
143 403
143 407
143 408
143 409
143 411
143 413
143 414
143 417
146 2
146 5
146 6
146 8
146 11
146 14
146 15
146 19
146 20
146 21
146 22
146 27
146 35
146 38
146 39
146 41
146 42
146 48
146 54
146 55
146 56
146 59
146 62
146 64
146 72
146 74
146 75
146 78
146 80
146 86
146 89
146 94
146 96
146 98
146 101
146 102
146 103
146 108
146 109
146 110
146 119
146 122
146 126
146 127
146 131
146 135
146 139
146 142
146 143
146 150
146 158
146 165
146 179
146 181
146 187
146 198
146 199
146 211
146 223
146 228
146 246
146 250
146 256
146 260
146 261
146 263
146 264
146 267
146 268
146 275
146 280
146 282
146 286
146 296
146 305
146 306
146 308
146 312
146 313
146 319
146 329
146 334
146 335
146 341
146 343
146 348
146 356
146 357
146 358
146 362
146 366
146 373
146 382
146 386
146 389
146 391
146 392
146 394
146 398
146 400
146 402
146 403
146 408
146 409
146 411
146 414
146 417
148 1
148 2
148 5
148 6
148 8
148 11
148 13
148 19
148 21
148 22
148 26
148 38
148 42
148 48
148 50
148 51
148 54
148 56
148 57
148 62
148 64
148 65
148 67
148 71
148 75
148 78
148 89
148 98
148 99
148 105
148 108
148 110
148 112
148 115
148 116
148 127
148 136
148 138
148 143
148 150
148 159
148 165
148 166
148 173
148 177
148 179
148 181
148 183
148 184
148 186
148 189
148 192
148 198
148 199
148 203
148 211
148 214
148 216
148 223
148 226
148 230
148 235
148 237
148 241
148 246
148 251
148 256
148 260
148 266
148 267
148 268
148 270
148 271
148 275
148 279
148 280
148 286
148 296
148 299
148 303
148 305
148 306
148 308
148 312
148 313
148 325
148 332
148 341
148 343
148 347
148 348
148 354
148 356
148 357
148 362
148 366
148 370
148 375
148 381
148 382
148 387
148 388
148 391
148 393
148 394
148 396
148 398
148 400
148 402
148 408
148 414
148 415
149 32
149 40
149 43
149 68
149 69
149 83
149 84
149 100
149 117
149 134
149 159
149 169
149 174
149 175
149 190
149 206
149 232
149 236
149 237
149 274
149 291
149 297
149 300
149 318
149 321
149 322
149 325
149 326
149 370
149 393
150 1
150 2
150 5
150 6
150 8
150 11
150 13
150 14
150 15
150 19
150 20
150 21
150 22
150 26
150 27
150 33
150 35
150 38
150 39
150 41
150 42
150 48
150 50
150 51
150 54
150 55
150 56
150 57
150 58
150 59
150 62
150 64
150 65
150 72
150 74
150 75
150 78
150 80
150 81
150 85
150 86
150 89
150 94
150 96
150 98
150 99
150 101
150 102
150 103
150 108
150 109
150 110
150 111
150 112
150 116
150 119
150 122
150 126
150 127
150 131
150 135
150 136
150 139
150 142
150 143
150 146
150 148
150 152
150 158
150 160
150 165
150 166
150 179
150 181
150 184
150 186
150 187
150 189
150 192
150 196
150 198
150 199
150 203
150 211
150 214
150 216
150 223
150 228
150 229
150 230
150 231
150 235
150 241
150 246
150 250
150 251
150 255
150 256
150 258
150 260
150 261
150 263
150 264
150 267
150 268
150 271
150 275
150 279
150 280
150 282
150 286
150 289
150 290
150 293
150 295
150 296
150 302
150 303
150 305
150 306
150 307
150 308
150 312
150 313
150 319
150 328
150 329
150 330
150 332
150 334
150 341
150 342
150 343
150 347
150 348
150 350
150 354
150 356
150 357
150 358
150 362
150 363
150 364
150 366
150 373
150 375
150 381
150 382
150 386
150 388
150 389
150 391
150 392
150 394
150 395
150 398
150 400
150 402
150 403
150 407
150 408
150 409
150 411
150 413
150 414
150 417
152 2
152 5
152 6
152 8
152 11
152 13
152 15
152 19
152 21
152 22
152 38
152 42
152 48
152 51
152 54
152 56
152 58
152 62
152 64
152 65
152 74
152 75
152 78
152 81
152 89
152 98
152 108
152 110
152 111
152 112
152 127
152 143
152 150
152 179
152 181
152 184
152 189
152 192
152 198
152 199
152 211
152 223
152 231
152 241
152 246
152 251
152 255
152 256
152 258
152 260
152 268
152 275
152 280
152 286
152 289
152 293
152 296
152 303
152 305
152 306
152 307
152 308
152 312
152 328
152 341
152 343
152 348
152 350
152 356
152 357
152 362
152 363
152 366
152 382
152 391
152 394
152 398
152 400
152 402
152 408
152 411
153 7
153 24
153 58
153 61
153 63
153 88
153 112
153 120
153 123
153 155
153 180
153 182
153 188
153 197
153 215
153 217
153 218
153 224
153 232
153 245
153 285
153 330
153 333
153 339
153 344
153 351
153 377
153 404
155 7
155 58
155 61
155 63
155 88
155 120
155 121
155 123
155 153
155 182
155 188
155 195
155 197
155 215
155 217
155 218
155 245
155 259
155 330